# Position (bp)	A	C	G	T	N
0.0	39.2243162923673	22.933829891283903	14.099236354060865	23.742617462287928	0.0
1.0	21.000883574906474	29.451243584682196	33.78076062639821	15.767112214013121	0.0
2.0	30.47976715801333	21.567927894094453	15.433292648577599	32.51901229931462	0.0
3.0	27.793094394118416	28.80399107260076	21.135055046043625	22.267859487237196	0.0
4.0	30.53629651838249	18.303788929280813	19.92841884345838	31.23149570887831	0.0
5.0	30.964371969370752	23.98479770842304	16.636399378428475	28.41443094377773	0.0
6.0	25.814240790655884	16.649820305480684	26.12683438155136	31.40910452231207	0.0
7.0	33.02389998315584	18.496752821395816	17.085587018771875	31.393760176676462	0.0
8.0	24.62206256548421	26.96078431372549	20.685526118844486	27.731627001945817	0.0
9.0	25.590484917621975	20.13726553587792	20.911488040693435	33.36076150580667	0.0
10.0	24.831737959916243	23.044421178582112	16.998205204905773	35.12563565659587	0.0
11.0	28.62029007177033	15.593226674641148	23.977646531100476	31.80883672248804	0.0
12.0	26.116934805762654	20.767232841900704	21.10170599996263	32.014126352374014	0.0
13.0	26.701277358631508	21.782326137297378	23.756256069320983	27.76014043475013	0.0
14.0	21.10569652159301	25.818256502175167	19.50185776433466	33.574189211897156	0.0
15.0	25.20288800582079	27.264416708643495	22.95479561948471	24.577899666051007	0.0
16.0	26.907510677583602	17.444094223846914	28.285804875319393	27.362590223250088	0.0
17.0	27.394964243146603	20.299463647199044	21.545366507747318	30.760205601907032	0.0
18.0	25.83600208535041	23.01333134728532	21.57406717807403	29.576599389290237	0.0
19.0	27.639041261458935	20.71626471299206	23.929414827348968	27.715279198200044	0.0
20.0	21.515410640591888	27.056920846191023	24.36331189351972	27.064356619697367	0.0
21.0	28.202846975088967	24.438389679715304	20.78884934756821	26.56991399762752	0.0
22.0	35.564195130982135	19.857447005461445	17.65435527168379	26.924002591872625	0.0
23.0	28.72793219586217	21.253562308005478	21.096265590880492	28.92223990525186	0.0
24.0	33.628056675668674	13.390181643298435	19.01520476489956	33.96655691613333	0.0
25.0	26.329413504918275	18.630278825530656	17.37112639597663	37.669181273574445	0.0
26.0	30.34671397944851	17.354180527833222	15.047682412951874	37.2514230797664	0.0
27.0	25.61212233207059	24.043241245495704	19.865102097385197	30.47953432504851	0.0
28.0	30.090163328652725	18.276550144113518	15.458946123715911	36.174340403517846	0.0
29.0	32.171953224584804	13.640982062034693	22.64137000979106	31.54569470358944	0.0
30.0	30.43751269691765	17.456184091454745	19.00936339963433	33.09693981199327	0.0
31.0	34.83502889533059	14.20025479588634	20.607078894407415	30.35763741437566	0.0
32.0	30.0116302682346	23.070390813934168	15.099041887426386	31.818937030404843	0.0
33.0	25.257037378864787	25.172127365020764	20.37840332256576	29.192431933548686	0.0
34.0	34.0210355987055	15.063253898205353	21.877758164165932	29.037952338923212	0.0
35.0	22.51989048747772	26.091909670543707	17.16553662973375	34.222663212244825	0.0
36.0	28.93194967398292	18.043897511249885	14.394342914868217	38.62980989989898	0.0
37.0	28.751675880181455	23.254788885011664	19.38327609322485	28.610259141582027	0.0
38.0	36.3526193055581	21.306990323350654	15.372468371862432	26.967921999228807	0.0
39.0	32.45966631793403	19.396876089789476	11.902795367362296	36.240662224914196	0.0
40.0	28.643538913362704	21.758443465491922	18.53891336270191	31.059104258443465	0.0
41.0	26.463300479048513	15.569994310151792	23.778059211130078	34.18864599966962	0.0
42.0	35.03835847740704	16.824505377528173	16.785963366736407	31.35117277832838	0.0
43.0	39.605050653354866	14.917045955072677	14.51512259580091	30.962780795771543	0.0
44.0	31.811925342729726	25.333553561269245	12.59153223586412	30.262988860136907	0.0
45.0	34.861322991526826	15.940963478964104	16.365541198742807	32.83217233076626	0.0
46.0	25.663228724284377	15.016638170352802	18.627396907690326	40.692736197672495	0.0
47.0	35.944598745562566	18.845991134327807	16.504497213383118	28.70491290672651	0.0
48.0	33.7189626632334	19.319477653117527	16.88247195144381	30.079087732205263	0.0
49.0	39.18384611140739	15.083583132574436	15.935046067271088	29.797524688747078	0.0
50.0	33.98374282771811	15.422245108135943	20.735250845961453	29.858761218184494	0.0
51.0	32.47020744446079	21.0626011475651	17.393703104310728	29.07348830366338	0.0
52.0	29.844954111566828	17.67670265398834	24.093726435048097	28.38461679939674	0.0
53.0	29.589847342284347	18.13867941879713	19.714916314143828	32.556556924774696	0.0
54.0	29.500147123731058	27.83029277622481	14.087097248786229	28.582462851257905	0.0
55.0	32.90361733821285	20.994170329367197	15.20127995292127	30.900932379498684	0.0
56.0	24.964139909522235	21.15745338188238	16.539777115745338	37.33862959285005	0.0
57.0	33.50376105787799	21.549298364997334	20.36856528056204	24.578375296562633	0.0
58.0	30.815632183908047	24.880919540229883	13.995402298850577	30.308045977011496	0.0
59.0	30.18187836769222	19.305956562517242	19.892601651433512	30.619563418357025	0.0
60.0	25.319994115050758	18.528394880094158	20.89892599676328	35.2526850080918	0.0
61.0	33.713361038578945	15.970357838990843	18.46566878746644	31.850612334963774	0.0
62.0	34.98519758012614	22.209146240553114	16.10981372855488	26.695842450765866	0.0
63.0	34.64989702853781	21.971535745807593	18.718740806119445	24.659826419535158	0.0
64.0	29.189348241871414	23.594968368397822	19.469986758864206	27.745696630866558	0.0
65.0	26.624857468643103	20.789347850075405	22.981572074888735	29.60422260639276	0.0
66.0	29.84624439049511	19.291179283454717	23.192084160965205	27.67049216508497	0.0
67.0	32.295977487170994	18.357887766926005	14.00982177343707	35.336312972465926	0.0
68.0	28.550146217652795	17.47254970480587	18.609185043497455	35.36811903404388	0.0
69.0	30.75578935751467	16.93122666323321	24.616035462688764	27.696948516563356	0.0
70.0	30.52515405131978	21.168030902234893	23.886691805389496	24.420123241055826	0.0
71.0	33.49398476877231	27.274566792980394	14.786063794562379	24.44538464368493	0.0
72.0	34.768132737339734	26.282581903132645	13.531262071629602	25.418023287898016	0.0
73.0	39.77264366124641	12.592892355235083	25.25568390846884	22.378780075049665	0.0
74.0	26.873907845120943	21.879885956037892	21.454980226248505	29.79122597259266	0.0
75.0	32.9225222573762	17.386505775881098	18.797365903907	30.893606062835698	0.0
76.0	28.246114227903984	21.14043962107974	18.072289156626507	32.54115699438977	0.0
77.0	28.82970701292969	17.226094793180188	16.953890860936895	36.99030733295323	0.0
78.0	29.027808430809976	14.676671816376075	23.157139704259546	33.1383800485544	0.0
79.0	26.547614668775516	28.544892779637326	18.111597454665834	26.795895096921324	0.0
80.0	27.1013426521979	22.51609343387898	16.8180982159279	33.56446569799522	0.0
81.0	19.432691953938413	22.65369191714801	20.361649681762998	37.55196644715058	0.0
82.0	37.80054820728858	15.81890763259074	19.62876432605456	26.751779834066113	0.0
83.0	29.53600470986496	17.075100268609486	19.777753247231114	33.61114177429444	0.0
84.0	28.079633479916833	20.28924175237815	14.381129367605661	37.24999540009936	0.0
85.0	32.31576041954182	14.507314380347777	22.16211242984635	31.014812770264054	0.0
86.0	30.218223301685438	17.58666372267609	20.975932877014795	31.219180098623685	0.0
87.0	28.61428045638572	14.219727640780272	25.040485829959515	32.125506072874494	0.0
88.0	35.906213191990574	23.198247938751475	11.752797408716138	29.142741460541817	0.0
89.0	34.550608330725765	16.867602937657605	15.836845883414014	32.74494284820262	0.0
90.0	32.65170896909683	15.84730632603854	20.327253317627136	31.173731387237492	0.0
91.0	29.887532902608278	15.658880483001086	16.098809063633183	38.354777550757454	0.0
92.0	27.698623076356675	21.034901700905678	16.333480597894116	34.93299462484353	0.0
93.0	34.19177880455792	19.146586160558144	17.40699151372347	29.254643521160467	0.0
94.0	34.63853758215055	17.83656412805361	15.312678338027649	32.2122199517682	0.0
95.0	37.761658412651656	16.3687243404459	18.924093745972716	26.94552350092973	0.0
96.0	29.009390535812923	19.834284662124837	19.053581292579636	32.1027435094826	0.0
97.0	34.38662394578868	18.839538909144476	15.908002798954074	30.86583434611277	0.0
98.0	31.358647613435476	20.057454331172657	18.120212139068943	30.463685916322923	0.0
99.0	31.954035688635983	21.30269045909066	19.05603741966374	27.68723643260962	0.0
100.0	35.12338858195212	18.637200736648253	14.009208103130755	32.23020257826887	0.0
101.0	31.117741311674678	20.708326426874414	18.748733815864597	29.425198445586314	0.0
102.0	35.291842410623836	15.981802442303797	17.090600998287073	31.635754148785296	0.0
103.0	26.336728491702427	24.323577625108207	16.80695485605879	32.53273902713057	0.0
104.0	34.210720206299506	10.902560324184932	19.843433413151594	35.041444096518696	0.001841959845275373
105.0	27.594908729208495	21.068724787710217	17.47499493451712	33.861371548564165	0.0
106.0	30.01123740397546	23.454856953373984	16.084225263894776	30.44968037875578	0.0
107.0	35.36780825703285	17.131224553711245	15.672150476225566	31.828816713030346	0.0
108.0	32.23280579250879	14.619452069937541	20.47091769994657	31.479263776553605	1.197560661053485
109.0	27.849943802627458	17.356696700016585	16.90527518287178	37.88808431448418	0.0
110.0	27.597007775362055	16.753878468511626	19.69635552935107	35.95275822677525	0.0
111.0	35.469904379387216	18.729848738876502	16.432374670670818	28.04871308288962	1.3191591281758388
112.0	19.56625884433962	15.641583136792454	23.575692806603772	39.985627948113205	1.2308372641509433
113.0	27.65432098765432	20.971070573060622	16.209692279344022	35.164916159941036	0.0
114.0	32.654001363577734	19.5194309826973	12.00501206950561	35.82155558421935	0.0
115.0	22.06641114468932	25.04975307731997	19.63219576914572	33.25164000884499	0.0
116.0	26.494167081329135	15.198761541438602	24.494572529072446	33.81249884815982	0.0
117.0	32.043201002617124	18.159534077923993	17.608463268089498	32.18880165136938	0.0
118.0	27.827241055134657	21.718372688897492	15.941307673874173	34.513078582093684	0.0
119.0	25.254852802919974	16.021162460596898	30.39062067948458	28.333364056998544	0.0
120.0	35.35333050644346	24.356114378422227	16.144613852989437	24.14594126214487	0.0
121.0	39.369860993326206	17.64684193060728	18.882047122156262	24.101249953910255	0.0
122.0	28.109443563553228	13.700726427965634	25.281168184667575	32.90866182381356	0.0
123.0	32.18098346147464	13.999668123236905	21.35626970518281	32.46307871010565	0.0
124.0	29.150917304323777	17.136535447589196	22.43385267815986	31.27869456992717	0.0
125.0	28.16683261422724	21.256038647342994	18.859018327986135	31.718110410443636	0.0
126.0	38.477992292231384	15.806457561173499	18.098504545370727	27.617045601224394	0.0
127.0	34.116518820426755	17.844825996348412	25.507625915202038	22.531029268022795	0.0
128.0	35.96525203342002	18.866080156402738	15.974105018535937	29.194562791641303	0.0
129.0	36.98150094985152	15.762002250133717	24.666629779228682	22.589867020786073	0.0
130.0	36.88326539646237	17.69924562406625	15.631628456019332	29.78586052345205	0.0
131.0	24.365903598900594	24.192507055763592	23.74425854531368	27.697330800022137	0.0
132.0	28.480510616318323	23.62338357099375	18.271873674113152	29.624232138574776	0.0
133.0	30.77646798383973	17.086354160901728	23.598428247274335	28.538749607984208	0.0
134.0	25.6788665879575	24.03888724911452	19.96568772136954	30.31655844155844	0.0
135.0	23.65420802125226	17.475925174334943	23.246504077039443	35.623362727373355	0.0
136.0	29.32647075101002	15.243418746656337	17.866696183149777	37.56341431918387	0.0
137.0	26.450077485056454	20.775219540993284	14.54874179027378	38.22596118367648	0.0
138.0	33.780418058041064	20.306994077818572	13.761230928177406	32.15135693596295	0.0
139.0	31.09364622537082	22.9374215925024	16.341967382481	29.626964799645783	0.0
140.0	24.988930706220945	16.19622168105675	24.46313925171574	34.351708361006565	0.0
141.0	26.555840513662616	25.45434417609181	20.77344600453883	27.216369305706746	0.0
142.0	40.22029926751416	13.262237310651487	16.84532924961715	29.672134172217202	0.0
143.0	33.72571449657743	22.596357866381297	19.151644864296387	24.526282772744885	0.0
144.0	32.84435833563982	15.658271058215703	18.21754774425685	33.279822861887624	0.0
145.0	37.079895908310725	16.76725172101951	14.305224886034365	31.847627484635403	0.0
146.0	27.633181969210323	19.33953557056891	20.681507734337508	32.34577472588327	0.0
147.0	31.480045778417693	18.881751393657474	13.807361464909365	35.83084136301547	0.0
148.0	34.45137709517832	18.483718526175885	15.415712914420734	31.649191464225062	0.0
149.0	33.73576267744735	19.798416126709864	16.30577246128002	30.16004873456277	0.0
150.0	27.810290398212935	18.468809422711242	23.10262706075655	30.618273118319273	0.0
151.0	30.01329247129195	24.14245098401211	18.157146549495994	27.687109995199943	0.0
152.0	26.147398737215227	18.500535391204814	20.099324299375994	35.252741572203966	0.0
153.0	33.03055478630112	20.99326133111788	18.10209544909074	27.874088433490265	0.0
154.0	29.663755377882822	14.49304799010285	19.50809682958805	36.33509980242628	0.0
155.0	28.363555785352883	18.550799571592126	17.729068951508662	35.35657569154633	0.0
156.0	26.208679593721147	23.811634349030474	16.83471837488458	33.1449676823638	0.0
157.0	27.740301983034243	19.017169047663053	17.296568038588774	35.94596093071393	0.0
158.0	32.98218378058698	25.680121239003473	16.91616766467066	24.421527315738892	0.0
159.0	36.749403958822334	17.864601622710556	18.20836490657401	27.1776295118931	0.0
160.0	32.36609618156951	24.666395593834327	17.219901674490814	25.747606550105353	0.0
161.0	31.557157379170132	16.283153128176693	19.475094723223364	32.684594769429815	0.0
162.0	33.73874789745106	22.79994824494926	19.652132123250958	23.80917173434872	0.0
163.0	29.199401075845238	13.1245725271272	25.679797400964933	31.996228996062626	0.0
164.0	27.09323177608105	19.324841470854672	20.090218335767503	33.49170841729678	0.0
165.0	31.44505250702559	20.743972785090964	21.570403786422126	26.24057092146132	0.0
166.0	27.636955275759423	20.407861408471536	22.872409266552037	29.082774049217004	0.0
167.0	27.300125730345385	17.949855779897934	26.658531173729756	28.09148731602692	0.0
168.0	26.494414441074206	25.752755789006436	15.650662129170673	32.100318117925575	0.0018495228231116372
169.0	26.71414038657172	19.52094700823083	19.24905206695644	34.51586053824101	0.0
170.0	27.707901746078722	19.101435335898195	19.76546315477952	33.42519976324356	0.0
171.0	40.32332648946599	19.497623143369772	17.359377023102677	22.81967334406156	0.0
172.0	35.52414954031706	20.022567935033944	19.408424129192177	23.84616807562108	1.198690319835735
173.0	29.786328739247065	15.539728054759042	20.616039219313663	34.05790398668023	0.0
174.0	28.78787878787879	17.732267732267733	18.79046879046879	34.68938468938469	0.0
175.0	25.41908744402916	19.041187136883394	21.99052658846168	33.54919883062576	0.0
176.0	28.22780594308552	18.40099174777042	14.6985900899234	38.67261221922067	0.0
177.0	28.491599437495374	18.329509288727703	18.877211161275998	34.301680112500925	0.0
178.0	33.3160621761658	18.976683937823836	17.122501850481125	29.26535899333827	1.3193930421909696
179.0	24.446253770285523	22.692030125275252	20.73610777002646	32.12560833441276	0.0
180.0	32.64800044414012	19.075818420711734	18.78157558709773	29.494605548050412	0.0
181.0	27.869792919666153	18.924070544256715	19.25532505505487	33.950811481022264	0.0
182.0	38.66424857042397	12.693154690304793	18.37629772193127	30.26629901733997	0.0
183.0	25.44189231708897	18.097688278517094	17.472098317570193	38.98832108682374	0.0
184.0	40.666765391877384	18.28144089445041	13.244604050201769	27.80718966347044	0.0
185.0	27.445571682464454	16.61729857819905	29.92816943127962	26.00896030805687	0.0
186.0	35.6939198696586	14.267199881507814	19.96037917499815	30.078501073835444	0.0
187.0	32.059471569553224	17.863689385102482	19.356033253716973	30.72080579162732	0.0
188.0	28.437852950434188	22.174082097428208	17.624840304393715	31.763224647743893	0.0
189.0	32.55999111242779	22.878092134498594	13.33691304991853	31.225003703155092	0.0
190.0	35.35228219609296	13.248773261735025	16.61697990926766	34.78196463290436	0.0
191.0	26.444444444444443	20.855555555555554	18.687037037037037	34.01296296296296	0.0
192.0	35.60568179713688	19.377002426060706	20.725225475489378	24.292090301313035	0.0
193.0	27.688261658702817	18.07423047005223	23.093306663703377	31.144201207541578	0.0
194.0	30.329690683459898	19.529542507871827	19.731431746619744	30.409335062048527	0.0
195.0	29.52693191079499	18.837519448766393	21.80855004815885	29.826998592279764	0.0
196.0	33.7791774731382	20.913301222675067	16.42089662838088	28.886624675805855	0.0
197.0	23.172832873260834	26.083331789465884	24.69570372566093	26.04813161161235	0.0
198.0	25.821691925742023	20.215288842776154	20.8822766517212	33.080742579760624	0.0
199.0	24.814258981342523	25.757323105997443	17.54580994200804	31.882607970651993	0.0
200.0	26.811191402631092	19.92403186955716	21.823235130628127	31.44154159718362	0.0
201.0	34.680452869346084	13.952971260214575	16.391498508347695	34.97507736209165	0.0
202.0	39.390682332011416	15.883399429227977	24.85452725992365	19.87139097883696	0.0
203.0	31.801334321719793	18.315418828762045	15.650481838398814	34.23276501111935	0.0
204.0	30.476843529346354	24.107192498007745	19.603773235234158	25.81219073741174	0.0
205.0	47.618341550209436	9.87507877080476	18.734477517885605	23.772102161100197	0.0
206.0	31.85727525486562	20.82669138090825	19.80908248378128	27.506950880444858	0.0
207.0	24.51990805961296	23.815526062133905	19.264847631052124	32.39971824720101	0.0
208.0	29.55843096544565	16.48561471155272	21.201616491176033	32.754337831825595	0.0
209.0	32.378568780126066	15.615498702261773	18.806080830552467	33.19985168705969	0.0
210.0	31.733995810081762	22.870279389680938	15.337696286545913	30.058028513691394	0.0
211.0	29.13769768433543	20.295900773124202	19.915827724938353	30.650573817602016	0.0
212.0	30.819009475069997	18.443937624001038	20.058964232074317	30.67808866885465	0.0
213.0	31.05935581968885	17.67694561367724	18.81362532218287	32.45007324445104	0.0
214.0	26.175641596202343	26.190476190476193	20.302996588043317	27.33088562527815	0.0
215.0	28.680574872508114	23.495595734816877	14.662957811775614	33.160871580899396	0.0
216.0	34.30203445781792	15.131395931084365	19.519296748947536	31.047272862150184	0.0
217.0	24.26085988796973	18.07137292725452	21.170753422116704	36.497013762659044	0.0
218.0	24.77647931738082	22.046002596920793	14.711556297532924	38.46596178816546	0.0
219.0	30.73683819982933	16.7884836567358	18.65655029124773	33.81812785218714	0.0
220.0	28.915439130273455	14.865867685800154	24.48332158361471	31.73537160031168	0.0
221.0	26.478993467933492	20.360748218527316	14.531992280285037	38.62826603325416	0.0
222.0	27.29769858945805	24.394951744617668	21.529324424647363	26.77802524127691	0.0
223.0	28.429043394335352	23.317495081480384	18.703366865882177	29.55009465830209	0.0
224.0	28.019377470905955	18.727843049909982	18.629470831709263	34.6233086474748	0.0
225.0	33.5344459502107	21.41013978873893	19.939851857352366	25.115562403698	0.0
226.0	39.042278626733754	18.699519096867633	16.740627959225357	25.517574317173253	0.0
227.0	28.172989434200506	23.8501104859525	20.466826360648433	27.51007371919856	0.0
228.0	33.66386273745196	19.478951961822	18.764042857408132	28.09314244331792	0.0
229.0	30.73423456881824	21.856198469880415	20.465349476342567	26.944217484958777	0.0
230.0	32.16209189169112	17.650336143817555	20.58648738996397	29.601084574527352	0.0
231.0	32.95011329445414	14.882433787749342	18.91460198358159	33.25285093421492	0.0
232.0	31.06413804632502	15.749391682300276	16.793283429611606	36.3931868417631	0.0
233.0	32.576714466156474	17.447432944498107	20.434281893156996	29.541570696188423	0.0
234.0	24.932662121746883	17.17348095034644	23.682499582040755	34.21135734586592	0.0
235.0	29.651854053652375	20.79586832131976	15.142676673850042	34.40960095117783	0.0
236.0	33.08867251375055	16.017541251672366	20.1036866359447	30.790099598632377	0.0
237.0	30.684605664164128	22.160484650263882	20.824351445774177	26.330558239797814	0.0
238.0	35.418641390205366	17.082055571043583	17.976024533035964	29.523278505715083	0.0
239.0	28.103505967208235	22.26084693460237	20.75696174294531	28.878685355244077	0.0
240.0	34.259896249744344	13.442909469534984	20.052804789617536	32.244389491103135	0.0
241.0	31.451417945141795	18.13668061366806	24.09855880985588	26.31334263133426	0.0
242.0	34.651366079565534	19.83744676102442	22.930422006063196	22.58076515334685	0.0
243.0	32.53339286378688	13.2845927744912	21.10168545596607	33.08032890575585	0.0
244.0	21.715542795354125	20.02274464475475	22.50601241633886	35.75570014355227	0.0
245.0	37.87149942200843	17.224148860797257	18.445389118842527	26.458962598351793	0.0
246.0	22.776265244470967	17.653750046619177	23.330101070376312	36.23988363853355	0.0
247.0	28.42036553524804	19.505781424841476	21.656098470719883	30.417754569190603	0.0
248.0	28.822980787166575	17.935086737548964	19.95709755642604	33.28483491885842	0.0
249.0	36.43995075178152	19.809349699660487	13.382830280192515	30.36786926836548	0.0
250.0	28.776374456653546	16.657649758409043	24.52847788370054	30.037497901236872	0.0
251.0	28.582890194980877	22.99281649407594	18.78346860714619	29.640824703796998	0.0
252.0	29.107192835152535	26.80100755667506	19.01669931896632	25.07510028920608	0.0
253.0	32.41825918184533	15.426246640788294	15.530755449387875	36.6247387279785	0.0
254.0	32.42869941764969	15.835448708376884	23.241750037330146	28.49410183664327	0.0
255.0	33.56546741098934	19.131457590410932	13.405276227105542	33.89779877149419	0.0
256.0	31.299249355790415	20.554953878328416	16.74758187997162	31.398214885909546	0.0
257.0	26.563579658991166	21.114161390927595	18.225110650456607	34.09714829962463	0.0
258.0	35.20479632431221	23.708933340804244	15.791636316094207	25.294634018789342	0.0
259.0	37.482021107686556	16.919772111702624	16.592883160549174	29.00532362006164	0.0
260.0	31.64571151007903	20.16739215722906	19.550880863863096	28.636015468828813	0.0
261.0	34.90218792623456	18.70480745875451	21.21410287550681	25.178901739504123	0.0
262.0	30.05867842726865	19.3339811631036	16.54395275825983	34.06338765136792	0.0
263.0	24.927579569028353	27.073093240136803	15.427887939895715	32.57143925093913	0.0
264.0	29.918683989157863	20.063557341807645	19.831759977567998	30.18599869146649	0.0
265.0	24.30117981414655	19.336985584204328	15.732101789353624	40.629732812295494	0.0
266.0	30.86144983915613	22.033739806987356	17.690955337772124	29.41385501608439	0.0
267.0	34.88045796385678	20.93201631309163	18.79185842032402	25.39566730272758	0.0
268.0	28.189200314335967	17.52048796916514	21.103543763798974	33.18676795269992	0.0
269.0	29.2065868263473	20.224550898203592	20.30875748502994	30.260104790419163	0.0
270.0	33.86423611760962	22.387752428365555	20.4918493009676	23.256162153057215	0.0
271.0	33.09623196001722	15.171368137319133	16.938397319506578	34.79400258315707	0.0
272.0	30.190410215124224	21.37574656905881	13.819250716144616	34.614592499672355	0.0
273.0	27.288389513108612	24.820224719101127	15.647940074906366	32.243445692883896	0.0
274.0	28.645833333333332	22.45765887290168	22.588803956834532	26.307703836930457	0.0
275.0	38.320962663067924	13.23286849602639	16.960938671464987	31.485230169440698	0.0
276.0	32.238951493446834	20.10575066094163	23.253895336845858	24.401402508765678	0.0
277.0	29.36719306800705	12.47421133575903	25.16786075996849	32.99073483626543	0.0
278.0	32.79728284325684	13.720890957197277	20.87406879210373	32.60775740744216	0.0
279.0	35.006758786422346	17.955842595373987	19.739411234604987	27.297987383598677	0.0
280.0	25.526958482058987	20.839752019537855	26.804433590080784	26.828855908322375	0.0
281.0	36.55483507189174	21.294991072267642	16.823606803871815	25.3265670519688	0.0
282.0	36.18821936357482	19.318438275784246	14.170992251560971	30.322350109079967	0.0
283.0	36.84785886610374	19.828106151990347	17.368440892641736	25.95559408926417	0.0
284.0	31.194522418632882	16.33791062893559	17.37538881723693	35.092178135194594	0.0
285.0	30.94424835857148	14.907586625678393	21.044441914304148	33.10372310144597	0.0
286.0	28.905300729040096	13.151199878493317	22.64201093560146	35.30148845686513	0.0
287.0	28.735544879706815	14.040217989860054	22.945901296925737	34.2783358335074	0.0
288.0	30.8367366321588	19.14141893817077	17.091841580397	32.930002849273436	0.0
289.0	32.29447759492228	17.137318992056557	18.758314013150393	31.809889399870777	0.0
290.0	33.51011253041363	16.32071167883212	13.994069343065693	36.17510644768856	0.0
291.0	30.751972620971575	14.045061317615742	23.652438444719078	31.550527616693604	0.0
292.0	26.88071823940045	20.83008388336218	17.995929469499554	34.29326840773781	0.0
293.0	34.338071587600616	12.770451561340412	20.237483587372267	32.6539932636867	0.0
294.0	35.46520481193848	18.552992233896756	16.877950357849855	29.103852596314905	0.0
295.0	30.942361521031287	17.704743226003007	18.144600795932746	33.20829445703296	0.0
296.0	30.904273569440736	14.114978460600053	18.643970874156533	36.336777095802674	0.0
297.0	36.93986356079571	18.38107431541534	18.96008102272076	25.7189811010682	0.0
298.0	34.38352913255014	19.083501443772004	17.981883628021045	28.551085795656817	0.0
299.0	26.38612696987192	26.764598969358737	14.552996771227575	32.29627728954177	0.0
300.0	0.0	27.259966311061202	19.15278557614324	53.587248112795564	0.0
