#Position (bp)	Coverage	Std
38.0	186.81333333333333	153.56149691030407
113.0	239.08	70.35026652401541
188.0	305.94666666666666	24.08568039312976
263.0	305.7733333333333	21.557056076066257
338.0	253.92	60.32832391726682
413.0	147.36	58.59920363508932
488.0	116.12	11.275341827782128
563.0	120.41333333333333	9.568002229654166
638.0	264.2	194.84031068202154
713.0	598.2666666666667	159.6360026226331
788.0	834.2666666666667	17.016462617126273
863.0	836.32	35.01751942480626
938.0	818.2933333333333	42.66067666286306
1013.0	735.0133333333333	121.54154296645521
1088.0	741.4266666666666	18.359012319113035
1163.0	741.96	34.19298173602344
1238.0	613.8533333333334	159.50151514431872
1313.0	356.16	133.38495667303215
1388.0	102.38666666666667	8.930098916958647
1463.0	100.56	10.713853959554744
1538.0	78.86666666666666	25.252062622024898
1613.0	112.04	4.93017917186255
1688.0	86.61333333333333	11.120551545074866
1763.0	92.24	6.342449579355548
1838.0	101.14666666666666	6.581793068761711
1913.0	75.02666666666667	8.296183861671993
1988.0	116.2	13.40248733133768
2063.0	127.24	8.146983081689381
2138.0	121.68	9.580535823567848
2213.0	137.46666666666667	17.343971094686815
2288.0	139.65333333333334	39.8972012385163
2363.0	170.85333333333332	16.97998822143289
2438.0	163.65333333333334	13.927909630187424
2513.0	129.04	15.697982885283901
2588.0	117.09333333333333	34.076971696440395
2663.0	113.36	8.563488385776788
2738.0	115.30666666666667	8.482924024179347
2813.0	115.33333333333333	19.815482162524678
2888.0	126.36	19.898073608601724
2963.0	121.46666666666667	10.560303025955289
3038.0	118.61333333333333	11.659045129569252
3113.0	117.81333333333333	42.561328300073846
3188.0	233.45333333333335	24.279209212822465
3263.0	349.62666666666667	44.746843464092514
3338.0	362.48	17.072394872034632
3413.0	349.1333333333333	45.30621738054652
3488.0	250.24	28.19763583470548
3563.0	149.53333333333333	45.67960887164717
3638.0	159.34666666666666	10.10610376620659
3713.0	159.10666666666665	4.637528077183795
3788.0	89.72	31.264036847470617
3863.0	33.46666666666667	32.13264176295915
3938.0	10.866666666666667	4.358898943540674
4013.0	12.2	2.300724523564984
4088.0	412.7733333333333	98.25069974305532
4163.0	686.4133333333333	172.98327472138257
4238.0	810.6933333333334	27.52041666351171
4313.0	812.04	37.801939985491394
4388.0	404.48	70.48555407552209
4463.0	134.52	177.23393204086702
4538.0	8.173333333333334	1.7925772879665016
4613.0	38.10666666666667	60.97015663420916
4688.0	209.93333333333334	86.55533875311602
4763.0	444.04	29.015627972985122
4838.0	445.0933333333333	5.978851617716672
4913.0	418.2133333333333	57.25312218560672
4988.0	268.46666666666664	85.16971292660322
5063.0	25.173333333333332	3.07028771724518
5138.0	23.906666666666666	6.52788888794328
5213.0	21.8	7.695886347047147
5288.0	4.213333333333333	1.9866219234335116
5363.0	27.44	13.999523801425058
5438.0	38.77333333333333	7.633260552782582
5513.0	43.45333333333333	6.879922480183425
5588.0	143.04	43.20138886656308
5663.0	185.2	36.28571803524543
5738.0	212.69333333333333	16.320539206778697
5813.0	213.09333333333333	10.230672835481753
5888.0	165.89333333333335	29.636014126959363
5963.0	115.10666666666667	38.444245343093925
6038.0	94.18666666666667	4.516635916254446
6113.0	93.94666666666667	13.310146505579864
6188.0	73.2	13.166118132033692
6263.0	63.346666666666664	16.294784441654958
6338.0	43.16	3.7309516212355356
6413.0	43.84	8.48056601884568
6488.0	519.44	247.99411283334936
6563.0	828.6133333333333	225.0080887434939
6638.0	1138.7333333333333	34.43660842765861
6713.0	1150.1733333333334	46.790882302717016
6788.0	707.8533333333334	250.84972925372406
6863.0	458.16	230.50139551276766
6938.0	157.0	17.60833136141336
7013.0	167.92	37.67103219539739
7088.0	235.81333333333333	26.165881092241772
7163.0	233.45333333333335	12.250714264890915
7238.0	232.21333333333334	8.676404785393478
7313.0	350.61333333333334	104.90115982835141
7388.0	465.62666666666667	116.64538853579539
7463.0	523.24	7.607014306982701
7538.0	515.9466666666667	28.499356717886084
7613.0	379.8933333333333	108.25697822003593
7688.0	176.85333333333332	121.8836603760597
7763.0	64.72	9.637427042525411
7838.0	65.0	0.0
7913.0	77.28	48.868803955079564
7988.0	223.74666666666667	21.668410186259553
8063.0	318.68	70.56240736634011
8138.0	351.84	23.73576766541737
8213.0	335.49333333333334	50.50597324409592
8288.0	187.46666666666667	8.178834472792161
8363.0	59.49333333333333	64.67364223545788
8438.0	33.0	7.954034615631658
8513.0	31.96	7.799145252312378
8588.0	19.96	6.1665765759184925
8663.0	9.333333333333334	9.542187030934436
8738.0	0.6266666666666667	0.7916228058025279
8813.0	0.7866666666666666	0.886942313043338
8888.0	84.76	86.6782556354245
8963.0	245.81333333333333	84.91595845304934
9038.0	349.88	22.43687441096309
9113.0	349.4	4.35124503255497
9188.0	301.0133333333333	67.7566232924871
9263.0	239.54666666666665	70.8996473898143
9338.0	176.29333333333332	9.706355306361557
9413.0	177.29333333333332	9.29372548192236
9488.0	176.24	42.500823521433084
9563.0	112.38666666666667	20.7647136588332
9638.0	80.73333333333333	10.718830782008522
9713.0	81.04	1.843908891458479
9788.0	81.62666666666667	16.58593781892761
9863.0	148.25333333333333	57.42891257894408
9938.0	220.92	20.14877994652121
10013.0	225.34666666666666	11.2516665432281
10088.0	390.08	120.90806424717918
10163.0	587.1733333333333	130.46562765724934
10238.0	655.0266666666666	32.377770151757005
10313.0	654.8933333333333	25.090768554723283
10388.0	532.4933333333333	125.35166532599389
10463.0	265.62666666666667	168.81275623206523
10538.0	113.64	11.012719918348994
10613.0	112.41333333333333	8.837797614036349
10688.0	64.45333333333333	24.022489463001122
10763.0	58.14666666666667	12.691729590564082
10838.0	74.54666666666667	9.25850959928218
10913.0	80.8	11.404677403007355
10988.0	81.01333333333334	19.796295949831965
11063.0	106.54666666666667	27.880219989567287
11138.0	181.73333333333332	16.134848413708006
11213.0	181.45333333333335	11.97386041898504
11288.0	177.90666666666667	21.136697944570205
11363.0	168.28	29.60067566796408
11438.0	71.93333333333334	11.511733144926547
11513.0	69.05333333333333	11.50420213081578
11588.0	104.58666666666667	21.223885915009365
11663.0	118.49333333333334	28.15812493757351
11738.0	123.02666666666667	2.7276363393972645
11813.0	122.56	11.45774846992203
11888.0	222.82666666666665	64.32573357529631
11963.0	331.6533333333333	79.18408931092152
12038.0	393.08	1.4329456840174364
12113.0	478.9066666666667	83.02248691368705
12188.0	462.41333333333336	61.24682304685966
12263.0	352.0133333333333	107.79529983569164
12338.0	264.5466666666667	16.80158722660853
12413.0	220.76	50.12504364087873
12488.0	173.53333333333333	36.62112323054369
12563.0	177.37333333333333	10.880563710886738
12638.0	177.85333333333332	16.716857758961005
12713.0	157.84	31.05543430705806
12788.0	142.30666666666667	29.801118547240247
12863.0	149.85333333333332	15.813917920616692
12938.0	149.30666666666667	9.372299611087993
13013.0	212.92	54.97211414283913
13088.0	238.24	25.040500527478777
13163.0	220.29333333333332	11.148094007497374
13238.0	223.98666666666668	20.94150583570028
13313.0	172.44	48.55210259779351
13388.0	129.72	29.466138758468745
13463.0	94.37333333333333	4.303486958270053
13538.0	94.0	13.544494576518273
13613.0	176.89333333333335	62.40598261919019
13688.0	278.88	70.12797824929316
13763.0	330.0133333333333	24.468210668811256
13838.0	333.41333333333336	24.38524143821421
13913.0	331.4	79.00185651827009
13988.0	402.32	91.94520107107283
14063.0	491.48	19.883661634618157
14138.0	486.17333333333335	10.30986582518584
14213.0	489.46666666666664	67.8039330226007
14288.0	395.04	69.69868482738163
14363.0	320.97333333333336	24.30774910736633
14438.0	322.28	11.741663709486344
14513.0	256.2133333333333	100.50956836706314
14588.0	457.24	67.07885906403995
14663.0	653.08	32.79634125935356
14738.0	658.6666666666666	22.627122368226434
14813.0	641.76	81.05685247610666
14888.0	547.3866666666667	117.53252032239125
14963.0	541.9866666666667	138.14185945372728
15038.0	624.2533333333333	15.285723186467852
15113.0	624.0133333333333	33.885493454672954
15188.0	482.5466666666667	81.9595021946814
15263.0	260.1333333333333	119.44672452604134
15338.0	202.77333333333334	17.689544934791236
15413.0	208.2	7.499333303700934
15488.0	258.4266666666667	80.38275105186854
15563.0	334.8	74.81051619480597
15638.0	469.85333333333335	27.20857707905121
15713.0	467.8	25.967672209884487
15788.0	334.6533333333333	113.6049881533964
15863.0	584.7466666666667	98.31425803683491
15938.0	853.56	149.06486283941422
16013.0	905.2666666666667	41.17183503318738
16088.0	911.1466666666666	24.73674729358366
16163.0	589.0533333333333	73.98567428901357
16238.0	269.6	111.08087144058605
16313.0	229.86666666666667	19.811107995263747
16388.0	232.52	16.49525184207051
16463.0	230.65333333333334	17.089958065093832
16538.0	124.62666666666667	43.16016682080827
16613.0	115.73333333333333	12.53634715537185
16688.0	107.65333333333334	28.11974395331507
16763.0	112.24	52.242766644452004
16838.0	208.52	52.537478685855
16913.0	284.4266666666667	14.65514699118814
16988.0	286.2	9.197825830053851
17063.0	231.56	46.1555341571662
17138.0	198.4	18.521339044464384
17213.0	178.78666666666666	16.615655268450947
17288.0	178.29333333333332	9.26210919103564
17363.0	279.32	203.72746501147066
17438.0	709.3466666666667	170.22467506210708
17513.0	1049.3733333333332	22.551274908529138
17588.0	1053.5733333333333	29.51587143668238
17663.0	1008.0533333333333	156.062209818179
17738.0	703.92	120.75175637093936
17813.0	510.62666666666667	23.63528435764372
17888.0	508.6666666666667	25.249950495000927
17963.0	474.8	74.45535575094652
18038.0	379.18666666666667	82.71452915499991
18113.0	218.89333333333335	19.165594172892206
18188.0	223.12	7.443117626371456
18263.0	217.78666666666666	39.556710345190865
18338.0	158.28	46.01767776264538
18413.0	127.02666666666667	2.3409399821438317
18488.0	131.21333333333334	7.343931735340022
18563.0	95.05333333333333	36.00444417012988
18638.0	165.26666666666668	12.034395151675373
18713.0	278.76	29.7092578163777
18788.0	282.58666666666664	16.807537991429083
18863.0	283.7733333333333	22.277342749978033
18938.0	245.64	18.808863158982543
19013.0	180.61333333333334	46.98169856444101
19088.0	203.82666666666665	18.06211504780096
19163.0	200.88	23.31094163692238
19238.0	126.92	15.45099781028182
19313.0	59.18666666666667	41.52091842272599
19388.0	40.77333333333333	8.089499366462677
19463.0	36.96	8.374564665302517
19538.0	49.89333333333333	23.082749691779217
19613.0	75.08	12.540600729895933
19688.0	96.01333333333334	0.5656854249489808
19763.0	96.28	7.17588554349453
19838.0	113.04	22.37528398330027
19913.0	129.17333333333335	13.987613568201397
19988.0	137.66666666666666	16.096790570379753
20063.0	142.70666666666668	14.045165241700307
20138.0	119.14666666666666	43.14518126820962
20213.0	232.32	11.26351040602656
20288.0	297.92	65.09132046594235
20363.0	335.4266666666667	16.16704466912047
20438.0	339.1066666666667	30.360939818567324
20513.0	431.85333333333335	23.02723025753047
20588.0	492.46666666666664	138.56786544265356
20663.0	627.0	33.47616067193669
20738.0	614.5733333333334	53.322290523444906
20813.0	434.93333333333334	38.604662930791235
20888.0	349.1333333333333	155.3570511220309
20963.0	188.05333333333334	3.2372828112482237
21038.0	189.21333333333334	7.119925093239138
21113.0	117.70666666666666	34.851685755498245
21188.0	37.50666666666667	39.910232606020564
21263.0	14.0	0.0
21338.0	20.0	10.677078252031311
21413.0	36.586666666666666	6.756725044970635
21488.0	32.666666666666664	7.023769168568487
21563.0	38.93333333333333	9.860358343724974
21638.0	111.68	122.50654404289321
21713.0	419.6666666666667	129.22079296047264
21788.0	699.44	24.634393301506993
21863.0	689.5333333333333	6.192468543858667
21938.0	639.8133333333334	90.4359073229949
22013.0	411.53333333333336	98.11917923287639
22088.0	379.72	22.072607458114494
22163.0	379.28	10.589932325877605
22238.0	369.49333333333334	39.34818928489593
22313.0	283.08	62.053632716653546
22388.0	30.453333333333333	5.291502622129181
22463.0	29.0	0.0
22538.0	127.2	51.34017270455303
22613.0	212.38666666666666	45.340048522250186
22688.0	233.18666666666667	8.697892465036313
22763.0	232.53333333333333	16.59518002312724
22838.0	174.10666666666665	50.212216309048436
22913.0	73.84	47.761351181333495
22988.0	38.29333333333334	4.767948545583661
23063.0	41.61333333333334	8.947252837230726
23138.0	256.6	156.7993197264155
23213.0	440.92	82.06696452694388
23288.0	544.9066666666666	27.84935666522065
23363.0	548.0666666666667	24.82257037455981
23438.0	321.93333333333334	152.93249055274902
23513.0	205.38666666666666	49.396491103451226
23588.0	244.09333333333333	19.852455767486365
23663.0	222.89333333333335	20.95932568889884
23738.0	213.89333333333335	19.136701213462395
23813.0	126.62666666666667	93.1587891720368
23888.0	32.693333333333335	10.15742749584428
23963.0	36.42666666666667	5.602380446441206
24038.0	35.053333333333335	1.9459359359101813
24113.0	50.48	12.628011192055014
24188.0	91.81333333333333	12.837445228704942
24263.0	94.28	7.119925093238882
24338.0	96.45333333333333	9.397872099576569
24413.0	89.57333333333334	18.944480286704447
24488.0	74.18666666666667	22.574912329102567
24563.0	97.34666666666666	8.22192191643781
24638.0	96.70666666666666	10.893423092245433
24713.0	132.96	31.851949181591152
24788.0	170.25333333333333	22.66421555374613
24863.0	157.24	7.987490219086298
24938.0	158.09333333333333	5.125101625008662
25013.0	148.38666666666666	35.07382689889047
25088.0	141.8	21.742431633405992
25163.0	146.32	9.25130621407951
25238.0	148.29333333333332	8.687922651589364
25313.0	189.97333333333333	21.892159936074606
25388.0	226.97333333333333	38.876556774831094
25463.0	250.44	14.858891838447
25538.0	248.37333333333333	13.468481725866559
25613.0	151.96	29.24106701199532
25688.0	54.70666666666666	51.67268782119493
25763.0	25.866666666666667	6.820557161991972
25838.0	26.14666666666667	2.937118769588092
25913.0	67.37333333333333	30.718723931830247
25988.0	94.30666666666667	18.42317381271028
26063.0	137.93333333333334	16.07316604364766
26138.0	139.42666666666668	8.865664103720519
26213.0	479.4266666666667	219.03850498637595
26288.0	883.52	270.0841597231007
26363.0	1119.7466666666667	36.251344802640304
26438.0	1119.8266666666666	22.18497990382997
26513.0	842.28	212.0912067955672
26588.0	512.3333333333334	273.7463546180417
26663.0	299.81333333333333	21.174198135151766
26738.0	302.06666666666666	22.89657907490389
26813.0	316.7866666666667	122.14652403295531
26888.0	514.8	48.74464073105862
26963.0	751.5066666666667	39.4939657838171
27038.0	756.0133333333333	33.36325323865597
27113.0	730.04	104.75272470601088
27188.0	747.72	30.542211227523467
27263.0	840.0266666666666	124.2171754093073
27338.0	874.8	32.4877412778015
27413.0	828.9066666666666	115.27191042631888
27488.0	504.4	18.57955865999006
27563.0	75.89333333333333	143.02405392101008
27638.0	28.0	0.8164965809277028
27713.0	28.933333333333334	7.619273806166391
27788.0	81.36	58.70843210306336
27863.0	176.88	55.44895550564203
27938.0	246.37333333333333	12.595237195067007
28013.0	245.21333333333334	9.593053042002053
28088.0	305.74666666666667	57.97919166965567
28163.0	402.6666666666667	67.21220127328081
28238.0	459.3333333333333	43.23455408196845
28313.0	520.1333333333333	6.568612232935314
28388.0	427.18666666666667	84.45637927356348
28463.0	250.22666666666666	130.0533736586637
28538.0	112.98666666666666	15.621352907692298
28613.0	120.92	14.664242223858718
28688.0	185.69333333333333	55.07618965275889
28763.0	296.28	94.23099277838473
28838.0	374.12	9.288702815786435
28913.0	365.0133333333333	26.547065123411915
28988.0	335.4533333333333	40.305830843688085
29063.0	283.38666666666666	71.73525400154843
29138.0	292.6666666666667	16.79444352556314
29213.0	292.05333333333334	23.827994740081063
29288.0	245.0	42.88371874421966
29363.0	154.92	68.94190791287015
29438.0	71.89333333333333	11.217842929904133
29513.0	71.97333333333333	11.635004655492537
29588.0	54.653333333333336	19.936231673346228
29663.0	31.64	11.664190213355289
29738.0	1.0	0.0
29813.0	0.8266666666666667	0.9092121131323904
29877.0	8.09433962264151	6.420779944394577
