#Coverage	Number of genomic locations
0.0	930.0
1.0	312.0
2.0	92.0
3.0	9.0
4.0	13.0
5.0	2.0
6.0	1.0
7.0	4.0
8.0	56.0
9.0	1.0
12.0	1.0
22.0	1.0
35.0	3.0
36.0	2.0
39.0	1.0
41.0	2.0
43.0	1.0
53.0	1.0
54.0	2.0
57.0	1.0
58.0	2.0
59.0	5.0
60.0	4.0
61.0	7.0
62.0	21.0
63.0	36.0
64.0	60.0
65.0	8.0
67.0	2.0
72.0	2.0
73.0	2.0
76.0	1.0
77.0	10.0
78.0	26.0
79.0	17.0
80.0	25.0
81.0	14.0
82.0	18.0
83.0	14.0
84.0	2.0
85.0	1.0
86.0	2.0
88.0	1.0
89.0	1.0
91.0	2.0
93.0	1.0
96.0	4.0
97.0	6.0
98.0	8.0
99.0	16.0
100.0	30.0
101.0	33.0
102.0	24.0
103.0	21.0
104.0	2.0
106.0	4.0
107.0	4.0
108.0	1.0
110.0	2.0
111.0	2.0
112.0	3.0
113.0	3.0
114.0	2.0
115.0	2.0
116.0	4.0
117.0	2.0
118.0	8.0
119.0	7.0
120.0	15.0
121.0	24.0
122.0	21.0
123.0	1.0
125.0	7.0
126.0	4.0
127.0	5.0
128.0	3.0
129.0	7.0
130.0	6.0
131.0	6.0
132.0	21.0
133.0	13.0
134.0	16.0
135.0	4.0
136.0	3.0
137.0	5.0
138.0	1.0
139.0	5.0
142.0	2.0
143.0	3.0
144.0	1.0
145.0	1.0
146.0	2.0
147.0	3.0
148.0	3.0
149.0	4.0
150.0	4.0
151.0	8.0
152.0	4.0
153.0	14.0
154.0	10.0
155.0	13.0
156.0	15.0
157.0	34.0
158.0	27.0
159.0	41.0
160.0	64.0
161.0	43.0
162.0	1.0
164.0	1.0
187.0	1.0
201.0	1.0
203.0	1.0
207.0	1.0
210.0	2.0
214.0	1.0
215.0	1.0
216.0	3.0
217.0	4.0
218.0	6.0
219.0	6.0
220.0	6.0
221.0	9.0
222.0	16.0
223.0	20.0
224.0	30.0
225.0	27.0
226.0	52.0
227.0	18.0
228.0	6.0
229.0	3.0
230.0	7.0
231.0	7.0
232.0	3.0
233.0	10.0
234.0	10.0
235.0	10.0
236.0	18.0
237.0	10.0
238.0	15.0
239.0	13.0
240.0	8.0
241.0	7.0
242.0	14.0
243.0	9.0
244.0	13.0
245.0	16.0
246.0	13.0
247.0	8.0
248.0	7.0
249.0	6.0
263.0	1.0
265.0	1.0
274.0	1.0
290.0	1.0
291.0	1.0
292.0	2.0
299.0	1.0
304.0	3.0
305.0	2.0
306.0	2.0
307.0	7.0
308.0	2.0
309.0	7.0
310.0	8.0
311.0	13.0
312.0	18.0
313.0	16.0
314.0	27.0
315.0	23.0
316.0	27.0
317.0	8.0
326.0	1.0
335.0	1.0
354.0	1.0
362.0	1.0
387.0	1.0
393.0	1.0
396.0	1.0
400.0	2.0
410.0	1.0
412.0	1.0
413.0	1.0
418.0	1.0
419.0	1.0
421.0	1.0
422.0	1.0
426.0	1.0
428.0	1.0
431.0	2.0
433.0	2.0
435.0	3.0
436.0	2.0
437.0	2.0
441.0	4.0
442.0	2.0
445.0	3.0
446.0	1.0
447.0	2.0
448.0	2.0
449.0	10.0
450.0	11.0
451.0	10.0
452.0	11.0
453.0	17.0
454.0	9.0
455.0	13.0
456.0	19.0
457.0	19.0
458.0	21.0
459.0	32.0
460.0	27.0
461.0	42.0
462.0	25.0
463.0	12.0
464.0	11.0
465.0	2.0
466.0	2.0
467.0	1.0
469.0	2.0
470.0	1.0
472.0	3.0
475.0	1.0
476.0	1.0
477.0	3.0
478.0	1.0
480.0	3.0
481.0	3.0
482.0	2.0
483.0	1.0
484.0	2.0
485.0	1.0
486.0	2.0
487.0	2.0
488.0	5.0
489.0	1.0
490.0	3.0
491.0	1.0
492.0	1.0
493.0	2.0
494.0	3.0
495.0	13.0
496.0	9.0
497.0	9.0
498.0	18.0
499.0	14.0
500.0	16.0
501.0	10.0
502.0	15.0
503.0	14.0
504.0	11.0
505.0	11.0
506.0	4.0
507.0	4.0
508.0	3.0
509.0	4.0
510.0	4.0
511.0	5.0
512.0	10.0
513.0	9.0
514.0	13.0
515.0	10.0
516.0	8.0
517.0	5.0
518.0	12.0
519.0	11.0
520.0	13.0
521.0	8.0
522.0	11.0
523.0	6.0
524.0	5.0
525.0	3.0
526.0	3.0
527.0	2.0
529.0	3.0
530.0	2.0
531.0	1.0
532.0	3.0
533.0	2.0
534.0	1.0
535.0	6.0
536.0	10.0
537.0	10.0
538.0	6.0
539.0	5.0
540.0	7.0
541.0	16.0
542.0	13.0
543.0	15.0
544.0	11.0
545.0	16.0
546.0	8.0
547.0	5.0
548.0	5.0
549.0	1.0
550.0	4.0
551.0	2.0
552.0	2.0
553.0	3.0
554.0	1.0
555.0	1.0
557.0	1.0
558.0	2.0
559.0	2.0
560.0	5.0
561.0	2.0
562.0	3.0
563.0	3.0
564.0	2.0
565.0	2.0
566.0	8.0
567.0	4.0
568.0	4.0
569.0	7.0
570.0	5.0
571.0	7.0
572.0	13.0
573.0	10.0
574.0	17.0
575.0	11.0
576.0	24.0
577.0	24.0
578.0	19.0
579.0	16.0
580.0	16.0
581.0	10.0
582.0	10.0
583.0	7.0
584.0	5.0
585.0	1.0
586.0	2.0
587.0	1.0
589.0	1.0
590.0	1.0
592.0	1.0
593.0	2.0
594.0	1.0
595.0	1.0
596.0	2.0
597.0	3.0
599.0	2.0
601.0	3.0
602.0	10.0
603.0	4.0
604.0	3.0
605.0	6.0
606.0	8.0
607.0	10.0
608.0	11.0
609.0	5.0
610.0	10.0
611.0	13.0
612.0	10.0
613.0	21.0
614.0	10.0
615.0	25.0
616.0	18.0
617.0	29.0
618.0	30.0
619.0	40.0
620.0	38.0
621.0	36.0
622.0	38.0
623.0	30.0
624.0	17.0
625.0	9.0
626.0	5.0
628.0	1.0
631.0	1.0
635.0	1.0
649.0	1.0
651.0	1.0
656.0	1.0
663.0	1.0
664.0	1.0
670.0	1.0
674.0	1.0
676.0	1.0
679.0	1.0
680.0	1.0
682.0	1.0
685.0	1.0
687.0	1.0
689.0	2.0
690.0	4.0
692.0	2.0
694.0	2.0
695.0	2.0
696.0	4.0
697.0	2.0
698.0	2.0
699.0	6.0
700.0	3.0
701.0	3.0
702.0	3.0
703.0	5.0
704.0	3.0
705.0	2.0
706.0	7.0
707.0	3.0
708.0	4.0
709.0	6.0
710.0	11.0
711.0	10.0
712.0	5.0
713.0	7.0
714.0	9.0
715.0	11.0
716.0	14.0
717.0	18.0
718.0	12.0
719.0	13.0
720.0	19.0
721.0	14.0
722.0	20.0
723.0	18.0
724.0	28.0
725.0	17.0
726.0	37.0
727.0	19.0
728.0	21.0
729.0	17.0
730.0	14.0
731.0	8.0
732.0	6.0
733.0	8.0
734.0	13.0
735.0	7.0
736.0	5.0
737.0	7.0
738.0	6.0
739.0	3.0
740.0	7.0
741.0	13.0
742.0	5.0
743.0	11.0
744.0	7.0
745.0	10.0
746.0	21.0
747.0	22.0
748.0	27.0
749.0	20.0
750.0	21.0
751.0	20.0
752.0	17.0
753.0	29.0
754.0	27.0
755.0	18.0
756.0	28.0
757.0	19.0
758.0	9.0
759.0	3.0
760.0	4.0
761.0	3.0
762.0	1.0
763.0	1.0
764.0	2.0
765.0	3.0
766.0	1.0
767.0	2.0
768.0	2.0
769.0	1.0
770.0	4.0
771.0	2.0
772.0	3.0
773.0	2.0
774.0	4.0
775.0	1.0
776.0	6.0
777.0	2.0
778.0	5.0
779.0	7.0
780.0	2.0
781.0	5.0
782.0	7.0
783.0	4.0
784.0	10.0
785.0	8.0
786.0	11.0
787.0	13.0
788.0	16.0
789.0	13.0
790.0	9.0
791.0	9.0
792.0	8.0
793.0	6.0
794.0	7.0
795.0	10.0
796.0	10.0
797.0	2.0
800.0	4.0
801.0	2.0
803.0	1.0
805.0	2.0
806.0	1.0
807.0	2.0
808.0	2.0
810.0	5.0
811.0	1.0
812.0	1.0
813.0	3.0
814.0	5.0
815.0	3.0
816.0	5.0
817.0	2.0
818.0	2.0
819.0	2.0
820.0	6.0
821.0	7.0
822.0	4.0
823.0	3.0
824.0	4.0
825.0	5.0
826.0	15.0
827.0	8.0
828.0	7.0
829.0	17.0
830.0	12.0
831.0	7.0
832.0	11.0
833.0	12.0
834.0	14.0
835.0	18.0
836.0	12.0
837.0	13.0
838.0	16.0
839.0	12.0
840.0	9.0
841.0	5.0
842.0	13.0
843.0	2.0
844.0	2.0
845.0	1.0
846.0	3.0
847.0	1.0
848.0	2.0
851.0	2.0
852.0	3.0
854.0	2.0
856.0	1.0
859.0	3.0
861.0	1.0
862.0	2.0
864.0	3.0
865.0	3.0
866.0	2.0
868.0	2.0
869.0	1.0
870.0	3.0
871.0	1.0
873.0	1.0
875.0	2.0
877.0	3.0
878.0	3.0
879.0	1.0
881.0	2.0
882.0	1.0
883.0	2.0
884.0	2.0
886.0	1.0
887.0	4.0
888.0	2.0
890.0	2.0
892.0	3.0
893.0	1.0
894.0	2.0
895.0	2.0
896.0	2.0
897.0	1.0
898.0	1.0
900.0	5.0
901.0	3.0
902.0	5.0
903.0	1.0
904.0	2.0
905.0	4.0
906.0	6.0
907.0	5.0
908.0	5.0
909.0	2.0
910.0	3.0
911.0	2.0
912.0	4.0
913.0	7.0
914.0	4.0
915.0	3.0
916.0	5.0
917.0	8.0
918.0	7.0
919.0	3.0
920.0	12.0
921.0	11.0
922.0	10.0
923.0	9.0
924.0	17.0
925.0	12.0
926.0	9.0
927.0	16.0
928.0	19.0
929.0	20.0
930.0	21.0
931.0	16.0
932.0	28.0
933.0	19.0
934.0	25.0
935.0	16.0
936.0	9.0
937.0	8.0
938.0	3.0
939.0	6.0
940.0	5.0
941.0	4.0
942.0	6.0
943.0	3.0
944.0	5.0
945.0	11.0
946.0	14.0
947.0	9.0
948.0	15.0
949.0	5.0
950.0	11.0
951.0	20.0
952.0	17.0
953.0	13.0
954.0	18.0
955.0	23.0
956.0	21.0
957.0	17.0
958.0	13.0
959.0	13.0
960.0	7.0
961.0	6.0
962.0	6.0
963.0	4.0
964.0	5.0
965.0	9.0
966.0	4.0
967.0	6.0
968.0	7.0
969.0	8.0
970.0	7.0
971.0	7.0
972.0	6.0
973.0	5.0
974.0	10.0
975.0	11.0
976.0	14.0
977.0	16.0
978.0	13.0
979.0	16.0
980.0	19.0
981.0	16.0
982.0	12.0
983.0	11.0
984.0	17.0
985.0	25.0
986.0	10.0
987.0	16.0
988.0	35.0
989.0	29.0
990.0	30.0
991.0	25.0
992.0	39.0
993.0	29.0
994.0	23.0
995.0	25.0
996.0	14.0
997.0	24.0
998.0	22.0
999.0	17.0
1000.0	11.0
1001.0	9.0
1002.0	12.0
1003.0	9.0
1004.0	8.0
1005.0	14.0
1006.0	12.0
1007.0	16.0
1008.0	11.0
1009.0	13.0
1010.0	9.0
1011.0	21.0
1012.0	23.0
1013.0	20.0
1014.0	29.0
1015.0	28.0
1016.0	23.0
1017.0	21.0
1018.0	22.0
1019.0	17.0
1020.0	10.0
1021.0	18.0
1022.0	13.0
1023.0	13.0
1024.0	8.0
1025.0	11.0
1026.0	11.0
1027.0	10.0
1028.0	9.0
1029.0	7.0
1030.0	11.0
1031.0	6.0
1032.0	4.0
1033.0	11.0
1034.0	11.0
1035.0	1.0
1036.0	5.0
1037.0	5.0
1038.0	8.0
1039.0	7.0
1040.0	5.0
1041.0	13.0
1042.0	7.0
1043.0	11.0
1044.0	9.0
1045.0	14.0
1046.0	16.0
1047.0	7.0
1048.0	22.0
1049.0	16.0
1050.0	17.0
1051.0	13.0
1052.0	12.0
1053.0	11.0
1054.0	5.0
1055.0	3.0
1056.0	3.0
1057.0	7.0
1058.0	5.0
1059.0	9.0
1060.0	4.0
1061.0	1.0
1062.0	6.0
1063.0	3.0
1064.0	4.0
1065.0	8.0
1066.0	6.0
1067.0	5.0
1068.0	7.0
1069.0	8.0
1070.0	8.0
1071.0	8.0
1072.0	6.0
1073.0	14.0
1074.0	17.0
1075.0	11.0
1076.0	22.0
1077.0	19.0
1078.0	15.0
1079.0	16.0
1080.0	21.0
1081.0	23.0
1082.0	21.0
1083.0	19.0
1084.0	25.0
1085.0	19.0
1086.0	16.0
1087.0	12.0
1088.0	15.0
1089.0	8.0
1090.0	7.0
1091.0	3.0
1092.0	2.0
1093.0	1.0
1095.0	1.0
1096.0	2.0
1097.0	3.0
1099.0	1.0
1100.0	2.0
1101.0	2.0
1102.0	2.0
1103.0	6.0
1105.0	1.0
1106.0	4.0
1107.0	2.0
1108.0	1.0
1109.0	1.0
1110.0	3.0
1111.0	5.0
1112.0	1.0
1113.0	5.0
1114.0	6.0
1115.0	3.0
1116.0	5.0
1117.0	5.0
1118.0	2.0
1119.0	7.0
1120.0	2.0
1121.0	5.0
1122.0	3.0
1123.0	5.0
1124.0	10.0
1125.0	4.0
1126.0	10.0
1127.0	4.0
1128.0	7.0
1129.0	7.0
1130.0	4.0
1131.0	3.0
1132.0	7.0
1133.0	4.0
1135.0	10.0
1136.0	6.0
1137.0	9.0
1138.0	8.0
1139.0	8.0
1140.0	7.0
1141.0	12.0
1142.0	8.0
1143.0	11.0
1144.0	8.0
1145.0	9.0
1146.0	8.0
1147.0	14.0
1148.0	5.0
1149.0	5.0
1150.0	6.0
1151.0	7.0
1152.0	6.0
1153.0	9.0
1154.0	5.0
1155.0	9.0
1156.0	5.0
1157.0	5.0
1158.0	5.0
1159.0	8.0
1160.0	3.0
1161.0	4.0
1162.0	6.0
1163.0	7.0
1164.0	6.0
1165.0	7.0
1166.0	11.0
1167.0	10.0
1168.0	13.0
1169.0	8.0
1170.0	5.0
1171.0	7.0
1172.0	7.0
1173.0	11.0
1174.0	10.0
1175.0	18.0
1176.0	14.0
1177.0	14.0
1178.0	18.0
1179.0	20.0
1180.0	18.0
1181.0	15.0
1182.0	18.0
1183.0	19.0
1184.0	27.0
1185.0	17.0
1186.0	26.0
1187.0	20.0
1188.0	13.0
1189.0	11.0
1190.0	10.0
1191.0	14.0
1192.0	5.0
1193.0	7.0
1194.0	9.0
1195.0	1.0
1196.0	4.0
1197.0	4.0
1198.0	5.0
1199.0	3.0
1200.0	6.0
1201.0	6.0
1202.0	3.0
1203.0	3.0
1204.0	1.0
1205.0	8.0
1206.0	6.0
1207.0	4.0
1208.0	4.0
1209.0	6.0
1210.0	7.0
1211.0	8.0
1212.0	16.0
1213.0	9.0
1214.0	10.0
1215.0	7.0
1216.0	9.0
1217.0	8.0
1218.0	5.0
1219.0	16.0
1220.0	2.0
1221.0	8.0
1222.0	11.0
1223.0	13.0
1224.0	22.0
1225.0	13.0
1226.0	17.0
1227.0	14.0
1228.0	19.0
1229.0	16.0
1230.0	23.0
1231.0	27.0
1232.0	22.0
1233.0	27.0
1234.0	33.0
1235.0	38.0
1236.0	33.0
1237.0	41.0
1238.0	31.0
1239.0	23.0
1240.0	28.0
1241.0	23.0
1242.0	20.0
1243.0	33.0
1244.0	29.0
1245.0	18.0
1246.0	17.0
1247.0	24.0
1248.0	24.0
1249.0	26.0
1250.0	23.0
1251.0	21.0
1252.0	19.0
1253.0	14.0
1254.0	14.0
1255.0	10.0
1256.0	12.0
1257.0	5.0
1258.0	12.0
1259.0	6.0
1260.0	5.0
1261.0	1.0
1262.0	2.0
1263.0	1.0
1264.0	1.0
1265.0	1.0
1267.0	2.0
1268.0	1.0
1269.0	4.0
1270.0	4.0
1271.0	5.0
1272.0	3.0
1273.0	3.0
1274.0	5.0
1275.0	2.0
1276.0	1.0
1277.0	5.0
1278.0	3.0
1279.0	3.0
1280.0	10.0
1281.0	3.0
1282.0	13.0
1283.0	7.0
1284.0	4.0
1285.0	9.0
1286.0	7.0
1287.0	13.0
1288.0	11.0
1289.0	15.0
1290.0	11.0
1291.0	17.0
1292.0	10.0
1293.0	9.0
1294.0	18.0
1295.0	17.0
1296.0	19.0
1297.0	13.0
1298.0	28.0
1299.0	35.0
1300.0	20.0
1301.0	26.0
1302.0	25.0
1303.0	13.0
1304.0	20.0
1305.0	20.0
1306.0	15.0
1307.0	14.0
1308.0	16.0
1309.0	11.0
1310.0	10.0
1311.0	7.0
1312.0	7.0
1313.0	9.0
1314.0	10.0
1315.0	3.0
1316.0	3.0
1317.0	3.0
1320.0	1.0
1321.0	2.0
1323.0	1.0
1324.0	1.0
1325.0	1.0
1326.0	3.0
1327.0	2.0
1328.0	2.0
1331.0	1.0
1332.0	1.0
1333.0	2.0
1334.0	1.0
1336.0	1.0
1338.0	1.0
1340.0	1.0
1341.0	1.0
1344.0	1.0
1345.0	3.0
1346.0	3.0
1347.0	1.0
1349.0	1.0
1350.0	2.0
1353.0	1.0
1354.0	4.0
1355.0	1.0
1356.0	2.0
1357.0	2.0
1358.0	1.0
1359.0	2.0
1360.0	4.0
1361.0	3.0
1362.0	1.0
1363.0	1.0
1364.0	1.0
1365.0	1.0
1366.0	2.0
1367.0	5.0
1368.0	3.0
1369.0	3.0
1370.0	3.0
1371.0	3.0
1372.0	4.0
1373.0	3.0
1374.0	8.0
1375.0	2.0
1376.0	7.0
1377.0	5.0
1378.0	7.0
1379.0	6.0
1380.0	6.0
1381.0	3.0
1382.0	9.0
1383.0	7.0
1384.0	6.0
1385.0	12.0
1386.0	4.0
1387.0	4.0
1388.0	6.0
1389.0	5.0
1390.0	8.0
1391.0	2.0
1392.0	1.0
1394.0	2.0
1395.0	2.0
1396.0	1.0
1397.0	2.0
1398.0	1.0
1399.0	4.0
1400.0	2.0
1402.0	1.0
1403.0	1.0
1404.0	1.0
1405.0	1.0
1406.0	1.0
1408.0	1.0
1409.0	1.0
1410.0	3.0
1411.0	1.0
1413.0	1.0
1415.0	3.0
1416.0	1.0
1417.0	3.0
1418.0	1.0
1419.0	2.0
1420.0	2.0
1421.0	4.0
1422.0	3.0
1423.0	2.0
1424.0	3.0
1425.0	4.0
1426.0	1.0
1427.0	1.0
1428.0	2.0
1429.0	3.0
1431.0	2.0
1432.0	2.0
1433.0	3.0
1434.0	7.0
1435.0	3.0
1436.0	3.0
1437.0	8.0
1438.0	3.0
1439.0	5.0
1440.0	10.0
1441.0	2.0
1442.0	2.0
1443.0	2.0
1444.0	2.0
1445.0	6.0
1446.0	7.0
1447.0	8.0
1448.0	5.0
1449.0	5.0
1450.0	9.0
1451.0	12.0
1452.0	3.0
1453.0	6.0
1454.0	5.0
1455.0	3.0
1456.0	4.0
1457.0	8.0
1458.0	10.0
1459.0	6.0
1460.0	6.0
1461.0	13.0
1462.0	7.0
1463.0	13.0
1464.0	19.0
1465.0	16.0
1466.0	14.0
1467.0	19.0
1468.0	18.0
1469.0	16.0
1470.0	26.0
1471.0	21.0
1472.0	23.0
1473.0	32.0
1474.0	39.0
1475.0	27.0
1476.0	19.0
1477.0	27.0
1478.0	27.0
1479.0	22.0
1480.0	17.0
1481.0	14.0
1482.0	8.0
1483.0	19.0
1484.0	13.0
1485.0	11.0
1486.0	8.0
1487.0	18.0
1488.0	13.0
1489.0	17.0
1490.0	16.0
1491.0	10.0
1492.0	20.0
1493.0	12.0
1494.0	8.0
1495.0	16.0
1496.0	10.0
1497.0	13.0
1498.0	9.0
1499.0	6.0
1500.0	7.0
1501.0	4.0
1502.0	3.0
1503.0	5.0
1504.0	3.0
1505.0	5.0
1506.0	1.0
1507.0	3.0
1508.0	3.0
1509.0	1.0
1510.0	6.0
1511.0	3.0
1512.0	2.0
1513.0	8.0
1514.0	3.0
1515.0	3.0
1516.0	4.0
1517.0	9.0
1518.0	9.0
1519.0	9.0
1520.0	5.0
1521.0	5.0
1522.0	9.0
1523.0	3.0
1524.0	11.0
1525.0	9.0
1526.0	13.0
1527.0	13.0
1528.0	18.0
1529.0	13.0
1530.0	14.0
1531.0	17.0
1532.0	22.0
1533.0	16.0
1534.0	12.0
1535.0	15.0
1536.0	12.0
1537.0	16.0
1538.0	19.0
1539.0	16.0
1540.0	13.0
1541.0	17.0
1542.0	18.0
1543.0	13.0
1544.0	12.0
1545.0	10.0
1546.0	12.0
1547.0	12.0
1548.0	6.0
1549.0	7.0
1550.0	16.0
1551.0	6.0
1552.0	6.0
1553.0	6.0
1554.0	11.0
1555.0	10.0
1556.0	7.0
1557.0	7.0
1558.0	6.0
1559.0	11.0
1560.0	6.0
1561.0	17.0
1562.0	12.0
1563.0	12.0
1564.0	14.0
1565.0	13.0
1566.0	21.0
1567.0	16.0
1568.0	9.0
1569.0	24.0
1570.0	17.0
1571.0	19.0
1572.0	20.0
1573.0	14.0
1574.0	18.0
1575.0	18.0
1576.0	21.0
1577.0	17.0
1578.0	15.0
1579.0	10.0
1580.0	20.0
1581.0	18.0
1582.0	14.0
1583.0	21.0
1584.0	19.0
1585.0	13.0
1586.0	29.0
1587.0	11.0
1588.0	25.0
1589.0	15.0
1590.0	18.0
1591.0	9.0
1592.0	11.0
1593.0	12.0
1594.0	11.0
1595.0	8.0
1596.0	10.0
1597.0	10.0
1598.0	10.0
1599.0	12.0
1600.0	12.0
1601.0	17.0
1602.0	12.0
1603.0	12.0
1604.0	9.0
1605.0	9.0
1606.0	9.0
1607.0	3.0
1608.0	7.0
1609.0	9.0
1610.0	9.0
1611.0	13.0
1612.0	12.0
1613.0	13.0
1614.0	10.0
1615.0	13.0
1616.0	21.0
1617.0	15.0
1618.0	10.0
1619.0	14.0
1620.0	13.0
1621.0	9.0
1622.0	12.0
1623.0	6.0
1624.0	6.0
1625.0	9.0
1626.0	7.0
1627.0	7.0
1628.0	7.0
1629.0	8.0
1630.0	4.0
1631.0	6.0
1632.0	5.0
1633.0	4.0
1634.0	9.0
1635.0	4.0
1636.0	7.0
1637.0	12.0
1638.0	5.0
1639.0	15.0
1640.0	9.0
1641.0	5.0
1642.0	10.0
1643.0	9.0
1644.0	12.0
1645.0	15.0
1646.0	13.0
1647.0	9.0
1648.0	18.0
1649.0	10.0
1650.0	6.0
1651.0	12.0
1652.0	14.0
1653.0	8.0
1654.0	13.0
1655.0	11.0
1656.0	7.0
1657.0	10.0
1658.0	13.0
1659.0	12.0
1660.0	19.0
1661.0	7.0
1662.0	13.0
1663.0	23.0
1664.0	14.0
1665.0	6.0
1666.0	6.0
1667.0	11.0
1668.0	9.0
1669.0	13.0
1670.0	15.0
1671.0	16.0
1672.0	16.0
1673.0	13.0
1674.0	16.0
1675.0	14.0
1676.0	21.0
1677.0	17.0
1678.0	23.0
1679.0	19.0
1680.0	15.0
1681.0	14.0
1682.0	14.0
1683.0	25.0
1684.0	19.0
1685.0	23.0
1686.0	20.0
1687.0	24.0
1688.0	26.0
1689.0	17.0
1690.0	16.0
1691.0	6.0
1692.0	9.0
1693.0	9.0
1694.0	8.0
1695.0	12.0
1696.0	9.0
1697.0	3.0
1698.0	8.0
1699.0	9.0
1700.0	9.0
1701.0	8.0
1702.0	15.0
1703.0	18.0
1704.0	19.0
1705.0	12.0
1706.0	13.0
1707.0	12.0
1708.0	22.0
1709.0	15.0
1710.0	14.0
1711.0	15.0
1712.0	19.0
1713.0	14.0
1714.0	14.0
1715.0	15.0
1716.0	26.0
1717.0	20.0
1718.0	19.0
1719.0	23.0
1720.0	19.0
1721.0	22.0
1722.0	15.0
1723.0	10.0
1724.0	11.0
1725.0	18.0
1726.0	17.0
1727.0	23.0
1728.0	22.0
1729.0	25.0
1730.0	15.0
1731.0	24.0
1732.0	24.0
1733.0	25.0
1734.0	28.0
1735.0	25.0
1736.0	28.0
1737.0	25.0
1738.0	23.0
1739.0	25.0
1740.0	16.0
1741.0	16.0
1742.0	17.0
1743.0	16.0
1744.0	7.0
1745.0	8.0
1746.0	7.0
1747.0	12.0
1748.0	13.0
1749.0	11.0
1750.0	11.0
1751.0	9.0
1752.0	11.0
1753.0	11.0
1754.0	6.0
1755.0	7.0
1756.0	16.0
1757.0	8.0
1758.0	14.0
1759.0	21.0
1760.0	22.0
1761.0	13.0
1762.0	18.0
1763.0	28.0
1764.0	12.0
1765.0	11.0
1766.0	12.0
1767.0	22.0
1768.0	24.0
1769.0	19.0
1770.0	20.0
1771.0	22.0
1772.0	21.0
1773.0	20.0
1774.0	23.0
1775.0	15.0
1776.0	31.0
1777.0	25.0
1778.0	18.0
1779.0	20.0
1780.0	23.0
1781.0	27.0
1782.0	28.0
1783.0	19.0
1784.0	16.0
1785.0	18.0
1786.0	15.0
1787.0	10.0
1788.0	13.0
1789.0	17.0
1790.0	20.0
1791.0	16.0
1792.0	19.0
1793.0	20.0
1794.0	26.0
1795.0	22.0
1796.0	16.0
1797.0	18.0
1798.0	27.0
1799.0	19.0
1800.0	17.0
1801.0	16.0
1802.0	17.0
1803.0	13.0
1804.0	17.0
1805.0	12.0
1806.0	13.0
1807.0	14.0
1808.0	11.0
1809.0	12.0
1810.0	12.0
1811.0	9.0
1812.0	7.0
1813.0	4.0
1814.0	11.0
1815.0	18.0
1816.0	11.0
1817.0	7.0
1818.0	11.0
1819.0	8.0
1820.0	17.0
1821.0	12.0
1822.0	18.0
1823.0	26.0
1824.0	15.0
1825.0	24.0
1826.0	19.0
1827.0	28.0
1828.0	23.0
1829.0	15.0
1830.0	23.0
1831.0	19.0
1832.0	37.0
1833.0	27.0
1834.0	27.0
1835.0	39.0
1836.0	30.0
1837.0	41.0
1838.0	32.0
1839.0	29.0
1840.0	39.0
1841.0	35.0
1842.0	38.0
1843.0	20.0
1844.0	44.0
1845.0	32.0
1846.0	31.0
1847.0	26.0
1848.0	26.0
1849.0	16.0
1850.0	25.0
1851.0	13.0
1852.0	13.0
1853.0	13.0
1854.0	10.0
1855.0	13.0
1856.0	9.0
1857.0	17.0
1858.0	20.0
1859.0	10.0
1860.0	15.0
1861.0	14.0
1862.0	15.0
1863.0	6.0
1864.0	14.0
1865.0	20.0
1866.0	14.0
1867.0	12.0
1868.0	22.0
1869.0	13.0
1870.0	17.0
1871.0	17.0
1872.0	22.0
1873.0	25.0
1874.0	16.0
1875.0	18.0
1876.0	14.0
1877.0	17.0
1878.0	17.0
1879.0	13.0
1880.0	21.0
1881.0	16.0
1882.0	12.0
1883.0	19.0
1884.0	19.0
1885.0	13.0
1886.0	23.0
1887.0	19.0
1888.0	21.0
1889.0	15.0
1890.0	25.0
1891.0	38.0
1892.0	24.0
1893.0	23.0
1894.0	19.0
1895.0	18.0
1896.0	17.0
1897.0	23.0
1898.0	16.0
1899.0	18.0
1900.0	6.0
1901.0	9.0
1902.0	15.0
1903.0	8.0
1904.0	12.0
1905.0	12.0
1906.0	11.0
1907.0	5.0
1908.0	8.0
1909.0	6.0
1910.0	3.0
1911.0	9.0
1912.0	8.0
1913.0	5.0
1914.0	10.0
1915.0	5.0
1916.0	10.0
1917.0	5.0
1918.0	9.0
1919.0	4.0
1920.0	3.0
1921.0	5.0
1922.0	3.0
1923.0	2.0
1924.0	5.0
1925.0	1.0
1927.0	1.0
1928.0	2.0
1929.0	3.0
1930.0	2.0
1931.0	2.0
1934.0	1.0
1935.0	3.0
1936.0	1.0
1937.0	1.0
1938.0	2.0
1939.0	4.0
1940.0	1.0
1942.0	2.0
1943.0	3.0
1945.0	4.0
1946.0	3.0
1947.0	1.0
1948.0	3.0
1949.0	3.0
1950.0	3.0
1951.0	1.0
1952.0	3.0
1953.0	1.0
1954.0	4.0
1955.0	4.0
1956.0	1.0
1957.0	2.0
1958.0	2.0
1959.0	5.0
1960.0	2.0
1961.0	3.0
1962.0	3.0
1963.0	5.0
1964.0	6.0
1965.0	4.0
1966.0	2.0
1967.0	4.0
1968.0	6.0
1970.0	3.0
1971.0	3.0
1972.0	3.0
1973.0	7.0
1974.0	3.0
1975.0	9.0
1976.0	4.0
1977.0	7.0
1978.0	8.0
1979.0	5.0
1980.0	4.0
1981.0	2.0
1982.0	7.0
1983.0	9.0
1984.0	9.0
1985.0	11.0
1986.0	15.0
1987.0	10.0
1988.0	15.0
1989.0	18.0
1990.0	17.0
1991.0	11.0
1992.0	14.0
1993.0	12.0
1994.0	21.0
1995.0	15.0
1996.0	15.0
1997.0	19.0
1998.0	12.0
1999.0	14.0
2000.0	4.0
2001.0	9.0
2002.0	9.0
2003.0	12.0
2004.0	10.0
2005.0	8.0
2006.0	8.0
2007.0	12.0
2008.0	3.0
2009.0	11.0
2010.0	20.0
2011.0	11.0
2012.0	15.0
2013.0	16.0
2014.0	13.0
2015.0	5.0
2016.0	15.0
2017.0	22.0
2018.0	17.0
2019.0	16.0
2020.0	9.0
2021.0	11.0
2022.0	15.0
2023.0	9.0
2024.0	6.0
2025.0	15.0
2026.0	10.0
2027.0	17.0
2028.0	8.0
2029.0	12.0
2030.0	9.0
2031.0	16.0
2032.0	15.0
2033.0	15.0
2034.0	17.0
2035.0	14.0
2036.0	12.0
2037.0	22.0
2038.0	14.0
2039.0	13.0
2040.0	14.0
2041.0	28.0
2042.0	14.0
2043.0	18.0
2044.0	18.0
2045.0	10.0
2046.0	29.0
2047.0	14.0
2048.0	19.0
2049.0	22.0
2050.0	23.0
2051.0	13.0
2052.0	11.0
2053.0	14.0
2054.0	6.0
2055.0	11.0
2056.0	11.0
2057.0	15.0
2058.0	16.0
2059.0	11.0
2060.0	18.0
2061.0	14.0
2062.0	15.0
2063.0	11.0
2064.0	18.0
2065.0	13.0
2066.0	10.0
2067.0	20.0
2068.0	19.0
2069.0	23.0
2070.0	14.0
2071.0	24.0
2072.0	28.0
2073.0	19.0
2074.0	26.0
2075.0	27.0
2076.0	28.0
2077.0	31.0
2078.0	18.0
2079.0	30.0
2080.0	18.0
2081.0	28.0
2082.0	18.0
2083.0	22.0
2084.0	10.0
2085.0	14.0
2086.0	15.0
2087.0	21.0
2088.0	13.0
2089.0	14.0
2090.0	19.0
2091.0	11.0
2092.0	17.0
2093.0	13.0
2094.0	14.0
2095.0	27.0
2096.0	24.0
2097.0	24.0
2098.0	28.0
2099.0	23.0
2100.0	25.0
2101.0	21.0
2102.0	29.0
2103.0	30.0
2104.0	35.0
2105.0	20.0
2106.0	34.0
2107.0	30.0
2108.0	21.0
2109.0	23.0
2110.0	26.0
2111.0	30.0
2112.0	17.0
2113.0	14.0
2114.0	20.0
2115.0	14.0
2116.0	12.0
2117.0	17.0
2118.0	17.0
2119.0	11.0
2120.0	16.0
2121.0	14.0
2122.0	7.0
2123.0	20.0
2124.0	14.0
2125.0	9.0
2126.0	18.0
2127.0	19.0
2128.0	16.0
2129.0	15.0
2130.0	18.0
2131.0	18.0
2132.0	14.0
2133.0	19.0
2134.0	26.0
2135.0	22.0
2136.0	10.0
2137.0	12.0
2138.0	13.0
2139.0	11.0
2140.0	7.0
2141.0	13.0
2142.0	14.0
2143.0	14.0
2144.0	13.0
2145.0	11.0
2146.0	13.0
2147.0	8.0
2148.0	16.0
2149.0	11.0
2150.0	20.0
2151.0	20.0
2152.0	21.0
2153.0	17.0
2154.0	7.0
2155.0	19.0
2156.0	22.0
2157.0	23.0
2158.0	16.0
2159.0	23.0
2160.0	17.0
2161.0	18.0
2162.0	16.0
2163.0	15.0
2164.0	16.0
2165.0	25.0
2166.0	11.0
2167.0	30.0
2168.0	18.0
2169.0	17.0
2170.0	26.0
2171.0	22.0
2172.0	17.0
2173.0	14.0
2174.0	10.0
2175.0	25.0
2176.0	19.0
2177.0	23.0
2178.0	19.0
2179.0	12.0
2180.0	14.0
2181.0	13.0
2182.0	10.0
2183.0	7.0
2184.0	8.0
2185.0	5.0
2186.0	4.0
2187.0	10.0
2188.0	12.0
2189.0	7.0
2190.0	7.0
2191.0	8.0
2192.0	5.0
2193.0	5.0
2194.0	8.0
2195.0	4.0
2196.0	7.0
2197.0	4.0
2198.0	12.0
2199.0	7.0
2200.0	10.0
2201.0	9.0
2202.0	8.0
2203.0	12.0
2204.0	6.0
2205.0	11.0
2206.0	5.0
2207.0	5.0
2208.0	6.0
2209.0	10.0
2210.0	5.0
2211.0	6.0
2212.0	2.0
2213.0	6.0
2214.0	2.0
2215.0	1.0
2216.0	5.0
2217.0	3.0
2218.0	2.0
2219.0	3.0
2220.0	3.0
2221.0	3.0
2224.0	4.0
2225.0	1.0
2226.0	1.0
2227.0	1.0
2228.0	1.0
2229.0	3.0
2230.0	2.0
2231.0	3.0
2232.0	4.0
2233.0	4.0
2234.0	2.0
2235.0	3.0
2236.0	3.0
2237.0	3.0
2238.0	5.0
2240.0	6.0
2241.0	4.0
2242.0	7.0
2243.0	4.0
2244.0	4.0
2245.0	2.0
2246.0	3.0
2247.0	4.0
2248.0	7.0
2249.0	4.0
2250.0	2.0
2251.0	7.0
2252.0	4.0
2253.0	10.0
2254.0	7.0
2255.0	4.0
2256.0	7.0
2257.0	8.0
2258.0	8.0
2259.0	6.0
2260.0	6.0
2261.0	8.0
2262.0	6.0
2263.0	13.0
2264.0	6.0
2265.0	8.0
2266.0	14.0
2267.0	10.0
2268.0	11.0
2269.0	13.0
2270.0	15.0
2271.0	12.0
2272.0	12.0
2273.0	18.0
2274.0	13.0
2275.0	11.0
2276.0	14.0
2277.0	11.0
2278.0	8.0
2279.0	12.0
2280.0	9.0
2281.0	12.0
2282.0	12.0
2283.0	27.0
2284.0	14.0
2285.0	11.0
2286.0	17.0
2287.0	13.0
2288.0	12.0
2289.0	14.0
2290.0	11.0
2291.0	5.0
2292.0	11.0
2293.0	3.0
2294.0	7.0
2295.0	5.0
2296.0	2.0
2297.0	4.0
2298.0	4.0
2299.0	7.0
2300.0	4.0
2301.0	7.0
2302.0	2.0
2303.0	5.0
2304.0	2.0
2305.0	4.0
2306.0	4.0
2307.0	4.0
2308.0	6.0
2309.0	3.0
2310.0	4.0
2311.0	2.0
2312.0	5.0
2313.0	3.0
2314.0	4.0
2316.0	6.0
2317.0	5.0
2318.0	4.0
2319.0	5.0
2320.0	4.0
2322.0	8.0
2323.0	2.0
2324.0	2.0
2325.0	6.0
2326.0	8.0
2327.0	3.0
2328.0	3.0
2329.0	5.0
2330.0	7.0
2331.0	9.0
2332.0	4.0
2333.0	3.0
2334.0	2.0
2335.0	9.0
2336.0	8.0
2337.0	2.0
2338.0	4.0
2339.0	8.0
2340.0	6.0
2341.0	6.0
2342.0	6.0
2343.0	9.0
2344.0	12.0
2345.0	10.0
2346.0	12.0
2347.0	9.0
2348.0	12.0
2349.0	10.0
2350.0	8.0
2351.0	6.0
2352.0	2.0
2353.0	6.0
2354.0	9.0
2355.0	4.0
2356.0	5.0
2357.0	7.0
2358.0	7.0
2359.0	4.0
2360.0	5.0
2363.0	1.0
2364.0	1.0
2365.0	1.0
2366.0	3.0
2368.0	1.0
2371.0	2.0
2372.0	1.0
2373.0	3.0
2376.0	3.0
2378.0	1.0
2379.0	1.0
2380.0	1.0
2383.0	2.0
2384.0	1.0
2385.0	3.0
2386.0	4.0
2387.0	1.0
2388.0	1.0
2391.0	3.0
2392.0	2.0
2398.0	1.0
2399.0	1.0
2401.0	4.0
2403.0	2.0
2404.0	1.0
2405.0	1.0
2406.0	2.0
2408.0	3.0
2409.0	1.0
2410.0	2.0
2411.0	2.0
2412.0	1.0
2413.0	3.0
2415.0	1.0
2416.0	4.0
2417.0	3.0
2418.0	1.0
2419.0	5.0
2421.0	3.0
2423.0	1.0
2424.0	4.0
2426.0	3.0
2427.0	1.0
2428.0	5.0
2429.0	3.0
2430.0	1.0
2431.0	1.0
2432.0	2.0
2433.0	2.0
2434.0	1.0
2435.0	4.0
2436.0	6.0
2438.0	2.0
2439.0	4.0
2440.0	3.0
2441.0	3.0
2442.0	6.0
2443.0	4.0
2444.0	2.0
2445.0	5.0
2446.0	3.0
2447.0	2.0
2448.0	6.0
2449.0	4.0
2450.0	3.0
2451.0	4.0
2452.0	2.0
2453.0	2.0
2454.0	4.0
2455.0	2.0
2456.0	2.0
2457.0	2.0
2458.0	1.0
2459.0	3.0
2460.0	1.0
2461.0	2.0
2462.0	1.0
2463.0	2.0
2464.0	4.0
2465.0	1.0
2467.0	5.0
2468.0	1.0
2469.0	4.0
2470.0	4.0
2471.0	3.0
2472.0	3.0
2473.0	2.0
2474.0	3.0
2475.0	2.0
2476.0	4.0
2477.0	3.0
2478.0	2.0
2479.0	2.0
2480.0	2.0
2481.0	3.0
2482.0	5.0
2483.0	1.0
2484.0	3.0
2485.0	3.0
2486.0	3.0
2487.0	2.0
2489.0	6.0
2490.0	4.0
2491.0	2.0
2492.0	7.0
2493.0	2.0
2494.0	1.0
2495.0	2.0
2496.0	3.0
2497.0	4.0
2498.0	1.0
2499.0	1.0
2500.0	2.0
2501.0	2.0
2502.0	5.0
2503.0	2.0
2504.0	4.0
2505.0	5.0
2506.0	3.0
2507.0	3.0
2508.0	2.0
2509.0	3.0
2510.0	4.0
2511.0	1.0
2512.0	2.0
2513.0	5.0
2514.0	4.0
2515.0	2.0
2516.0	1.0
2517.0	5.0
2518.0	3.0
2519.0	5.0
2520.0	2.0
2521.0	3.0
2522.0	3.0
2523.0	6.0
2524.0	4.0
2525.0	5.0
2526.0	2.0
2527.0	5.0
2528.0	2.0
2529.0	3.0
2531.0	2.0
2534.0	3.0
2535.0	4.0
2536.0	5.0
2537.0	1.0
2538.0	4.0
2539.0	5.0
2540.0	5.0
2541.0	2.0
2542.0	4.0
2543.0	2.0
2544.0	2.0
2545.0	2.0
2546.0	4.0
2547.0	4.0
2548.0	2.0
2550.0	4.0
2551.0	1.0
2552.0	3.0
2553.0	2.0
2554.0	4.0
2555.0	4.0
2556.0	3.0
2557.0	1.0
2558.0	2.0
2559.0	1.0
2560.0	4.0
2561.0	7.0
2562.0	3.0
2563.0	4.0
2565.0	2.0
2566.0	3.0
2568.0	4.0
2569.0	1.0
2570.0	1.0
2571.0	2.0
2572.0	3.0
2573.0	2.0
2574.0	2.0
2575.0	1.0
2576.0	3.0
2577.0	3.0
2578.0	1.0
2579.0	3.0
2580.0	2.0
2581.0	4.0
2582.0	3.0
2583.0	3.0
2584.0	1.0
2585.0	1.0
2586.0	2.0
2588.0	2.0
2589.0	2.0
2590.0	5.0
2592.0	4.0
2593.0	3.0
2594.0	4.0
2595.0	4.0
2596.0	2.0
2597.0	1.0
2598.0	2.0
2599.0	5.0
2600.0	3.0
2601.0	3.0
2602.0	1.0
2603.0	6.0
2604.0	4.0
2605.0	5.0
2606.0	2.0
2607.0	2.0
2608.0	4.0
2609.0	1.0
2610.0	2.0
2611.0	3.0
2612.0	2.0
2613.0	2.0
2614.0	2.0
2615.0	4.0
2617.0	4.0
2618.0	5.0
2619.0	2.0
2620.0	6.0
2621.0	2.0
2622.0	6.0
2623.0	4.0
2624.0	2.0
2625.0	6.0
2626.0	6.0
2627.0	4.0
2629.0	4.0
2630.0	6.0
2631.0	3.0
2632.0	6.0
2633.0	7.0
2635.0	6.0
2636.0	2.0
2637.0	7.0
2638.0	5.0
2639.0	4.0
2640.0	4.0
2641.0	6.0
2642.0	4.0
2643.0	4.0
2644.0	3.0
2645.0	3.0
2646.0	9.0
2647.0	9.0
2648.0	3.0
2649.0	5.0
2650.0	4.0
2651.0	5.0
2652.0	7.0
2653.0	6.0
2654.0	4.0
2655.0	8.0
2656.0	6.0
2657.0	3.0
2658.0	5.0
2659.0	7.0
2660.0	7.0
2661.0	1.0
2662.0	8.0
2663.0	9.0
2664.0	8.0
2665.0	1.0
2666.0	3.0
2667.0	1.0
2668.0	4.0
2669.0	4.0
2670.0	3.0
2671.0	6.0
2672.0	1.0
2673.0	2.0
2674.0	3.0
2675.0	7.0
2676.0	1.0
2677.0	3.0
2678.0	3.0
2679.0	2.0
2680.0	2.0
2681.0	1.0
2682.0	1.0
2683.0	3.0
2684.0	1.0
2685.0	2.0
2686.0	5.0
2687.0	3.0
2688.0	4.0
2689.0	7.0
2690.0	5.0
2691.0	1.0
2692.0	4.0
2693.0	3.0
2694.0	2.0
2695.0	1.0
2696.0	5.0
2697.0	8.0
2698.0	4.0
2699.0	1.0
2700.0	5.0
2701.0	5.0
2702.0	6.0
2703.0	4.0
2704.0	4.0
2705.0	7.0
2706.0	2.0
2707.0	4.0
2708.0	1.0
2709.0	3.0
2710.0	3.0
2711.0	5.0
2712.0	4.0
2713.0	4.0
2714.0	6.0
2715.0	2.0
2716.0	3.0
2717.0	5.0
2718.0	4.0
2719.0	3.0
2720.0	2.0
2721.0	3.0
2722.0	1.0
2723.0	5.0
2724.0	2.0
2725.0	6.0
2726.0	4.0
2727.0	8.0
2728.0	5.0
2729.0	6.0
2730.0	4.0
2731.0	5.0
2732.0	4.0
2733.0	3.0
2734.0	2.0
2735.0	1.0
2736.0	2.0
2737.0	5.0
2738.0	4.0
2739.0	5.0
2740.0	4.0
2741.0	6.0
2742.0	7.0
2743.0	5.0
2744.0	8.0
2745.0	5.0
2746.0	6.0
2747.0	4.0
2748.0	4.0
2749.0	5.0
2750.0	3.0
2751.0	6.0
2752.0	4.0
2753.0	9.0
2754.0	4.0
2755.0	6.0
2756.0	5.0
2757.0	6.0
2758.0	6.0
2759.0	7.0
2760.0	8.0
2761.0	6.0
2762.0	11.0
2763.0	4.0
2764.0	1.0
2765.0	7.0
2766.0	6.0
2767.0	7.0
2768.0	5.0
2769.0	3.0
2770.0	4.0
2771.0	3.0
2772.0	1.0
2773.0	4.0
2774.0	4.0
2775.0	6.0
2777.0	5.0
2778.0	5.0
2779.0	4.0
2780.0	5.0
2781.0	3.0
2782.0	8.0
2783.0	5.0
2784.0	5.0
2785.0	3.0
2786.0	6.0
2787.0	3.0
2788.0	5.0
2789.0	2.0
2790.0	1.0
2791.0	2.0
2792.0	4.0
2793.0	8.0
2794.0	3.0
2795.0	6.0
2796.0	2.0
2797.0	4.0
2798.0	4.0
2799.0	8.0
2800.0	4.0
2801.0	5.0
2802.0	5.0
2803.0	5.0
2804.0	3.0
2805.0	2.0
2806.0	3.0
2807.0	4.0
2808.0	2.0
2809.0	5.0
2810.0	8.0
2811.0	4.0
2812.0	10.0
2813.0	14.0
2814.0	5.0
2815.0	3.0
2816.0	6.0
2817.0	10.0
2818.0	2.0
2819.0	3.0
2820.0	2.0
2821.0	7.0
2822.0	11.0
2823.0	6.0
2824.0	11.0
2825.0	4.0
2826.0	7.0
2827.0	8.0
2828.0	5.0
2829.0	2.0
2830.0	10.0
2831.0	6.0
2832.0	6.0
2833.0	10.0
2834.0	3.0
2835.0	8.0
2836.0	8.0
2837.0	7.0
2838.0	9.0
2839.0	6.0
2840.0	6.0
2841.0	9.0
2842.0	3.0
2843.0	4.0
2844.0	8.0
2845.0	4.0
2846.0	6.0
2847.0	7.0
2848.0	10.0
2849.0	11.0
2850.0	13.0
2851.0	10.0
2852.0	4.0
2853.0	3.0
2854.0	6.0
2855.0	4.0
2856.0	6.0
2857.0	9.0
2858.0	6.0
2859.0	6.0
2860.0	7.0
2861.0	5.0
2862.0	4.0
2863.0	8.0
2864.0	7.0
2865.0	4.0
2866.0	8.0
2867.0	5.0
2868.0	4.0
2869.0	5.0
2870.0	11.0
2871.0	3.0
2872.0	3.0
2873.0	6.0
2874.0	4.0
2875.0	7.0
2876.0	7.0
2877.0	6.0
2878.0	4.0
2879.0	2.0
2880.0	5.0
2881.0	8.0
2882.0	6.0
2883.0	8.0
2884.0	6.0
2886.0	6.0
2887.0	2.0
2888.0	3.0
2889.0	2.0
2890.0	6.0
2891.0	1.0
2892.0	3.0
2893.0	2.0
2894.0	4.0
2895.0	4.0
2896.0	3.0
2897.0	3.0
2898.0	1.0
2899.0	2.0
2900.0	5.0
2901.0	4.0
2902.0	2.0
2903.0	1.0
2904.0	1.0
2905.0	2.0
2906.0	3.0
2907.0	2.0
2908.0	3.0
2909.0	4.0
2910.0	3.0
2911.0	7.0
2912.0	2.0
2913.0	4.0
2914.0	2.0
2915.0	3.0
2916.0	2.0
2917.0	4.0
2918.0	3.0
2919.0	4.0
2920.0	2.0
2921.0	4.0
2922.0	8.0
2923.0	4.0
2924.0	6.0
2925.0	7.0
2926.0	4.0
2927.0	7.0
2928.0	3.0
2929.0	3.0
2930.0	8.0
2931.0	6.0
2932.0	6.0
2933.0	3.0
2934.0	4.0
2935.0	6.0
2936.0	6.0
2937.0	3.0
2938.0	3.0
2939.0	5.0
2940.0	7.0
2941.0	9.0
2942.0	9.0
2943.0	5.0
2944.0	7.0
2945.0	8.0
2946.0	10.0
2947.0	5.0
2948.0	12.0
2949.0	13.0
2950.0	8.0
2951.0	6.0
2952.0	4.0
2953.0	8.0
2954.0	1.0
2955.0	6.0
2956.0	3.0
2957.0	7.0
2958.0	4.0
2959.0	7.0
2960.0	9.0
2961.0	5.0
2962.0	3.0
2963.0	5.0
2964.0	2.0
2965.0	3.0
2966.0	2.0
2967.0	6.0
2968.0	4.0
2969.0	1.0
2970.0	1.0
2971.0	2.0
2973.0	1.0
2974.0	3.0
2975.0	2.0
2976.0	2.0
2977.0	3.0
2978.0	1.0
2979.0	5.0
2980.0	2.0
2982.0	2.0
2983.0	2.0
2984.0	4.0
2985.0	1.0
2986.0	3.0
2987.0	3.0
2988.0	2.0
2990.0	2.0
2991.0	3.0
2992.0	2.0
2993.0	4.0
2994.0	3.0
2995.0	3.0
2997.0	5.0
2998.0	1.0
2999.0	5.0
3000.0	7.0
3001.0	5.0
3002.0	4.0
3003.0	5.0
3004.0	7.0
3005.0	5.0
3006.0	4.0
3007.0	5.0
3008.0	5.0
3009.0	3.0
3010.0	7.0
3011.0	6.0
3012.0	6.0
3013.0	6.0
3014.0	4.0
3015.0	4.0
3016.0	5.0
3017.0	6.0
3018.0	8.0
3019.0	6.0
3020.0	9.0
3021.0	5.0
3022.0	8.0
3023.0	9.0
3024.0	6.0
3025.0	4.0
3026.0	2.0
3027.0	6.0
3028.0	5.0
3029.0	11.0
3030.0	5.0
3031.0	9.0
3032.0	3.0
3033.0	10.0
3034.0	7.0
3035.0	3.0
3036.0	6.0
3037.0	9.0
3038.0	6.0
3039.0	7.0
3040.0	12.0
3041.0	9.0
3042.0	10.0
3043.0	10.0
3044.0	4.0
3045.0	10.0
3046.0	7.0
3047.0	7.0
3048.0	10.0
3049.0	9.0
3050.0	15.0
3051.0	11.0
3052.0	8.0
3053.0	13.0
3054.0	14.0
3055.0	9.0
3056.0	10.0
3057.0	4.0
3058.0	10.0
3059.0	8.0
3060.0	4.0
3061.0	6.0
3062.0	11.0
3063.0	8.0
3064.0	7.0
3065.0	9.0
3066.0	4.0
3067.0	4.0
3068.0	4.0
3069.0	8.0
3070.0	4.0
3071.0	4.0
3072.0	5.0
3073.0	3.0
3074.0	6.0
3075.0	2.0
3076.0	1.0
3077.0	3.0
3078.0	1.0
3079.0	5.0
3080.0	5.0
3081.0	3.0
3082.0	4.0
3083.0	6.0
3084.0	7.0
3085.0	3.0
3086.0	4.0
3087.0	4.0
3088.0	9.0
3089.0	2.0
3090.0	5.0
3091.0	9.0
3092.0	3.0
3093.0	4.0
3094.0	1.0
3095.0	1.0
3096.0	5.0
3097.0	5.0
3098.0	4.0
3099.0	4.0
3100.0	4.0
3101.0	4.0
3102.0	3.0
3103.0	2.0
3104.0	6.0
3105.0	5.0
3106.0	7.0
3107.0	4.0
3108.0	5.0
3109.0	6.0
3110.0	8.0
3111.0	6.0
3112.0	4.0
3113.0	3.0
3114.0	1.0
3115.0	2.0
3116.0	6.0
3117.0	5.0
3118.0	6.0
3119.0	4.0
3120.0	6.0
3121.0	4.0
3122.0	6.0
3123.0	3.0
3124.0	8.0
3125.0	6.0
3126.0	4.0
3127.0	7.0
3128.0	4.0
3129.0	6.0
3130.0	5.0
3131.0	6.0
3132.0	4.0
3133.0	6.0
3134.0	8.0
3135.0	4.0
3136.0	8.0
3137.0	7.0
3138.0	6.0
3139.0	4.0
3140.0	5.0
3141.0	7.0
3142.0	8.0
3143.0	6.0
3144.0	10.0
3145.0	5.0
3146.0	6.0
3147.0	3.0
3148.0	6.0
3149.0	2.0
3150.0	9.0
3151.0	7.0
3152.0	10.0
3153.0	5.0
3154.0	8.0
3155.0	4.0
3156.0	9.0
3157.0	6.0
3158.0	5.0
3159.0	7.0
3160.0	5.0
3161.0	15.0
3162.0	7.0
3163.0	7.0
3164.0	9.0
3165.0	5.0
3166.0	4.0
3167.0	9.0
3168.0	10.0
3169.0	8.0
3170.0	10.0
3171.0	10.0
3172.0	6.0
3173.0	14.0
3174.0	11.0
3175.0	4.0
3176.0	9.0
3177.0	9.0
3178.0	10.0
3179.0	5.0
3180.0	6.0
3181.0	10.0
3182.0	11.0
3183.0	12.0
3184.0	5.0
3185.0	6.0
3186.0	10.0
3187.0	14.0
3188.0	13.0
3189.0	7.0
3190.0	11.0
3191.0	6.0
3192.0	2.0
3193.0	6.0
3194.0	7.0
3195.0	7.0
3196.0	6.0
3197.0	8.0
3198.0	2.0
3199.0	14.0
3200.0	6.0
3201.0	7.0
3202.0	4.0
3203.0	8.0
3204.0	5.0
3205.0	3.0
3206.0	7.0
3207.0	7.0
3208.0	9.0
3209.0	4.0
3210.0	10.0
3211.0	4.0
3212.0	9.0
3213.0	9.0
3214.0	6.0
3215.0	10.0
3216.0	11.0
3217.0	6.0
3218.0	4.0
3219.0	8.0
3220.0	5.0
3221.0	12.0
3222.0	9.0
3223.0	4.0
3224.0	14.0
3225.0	5.0
3226.0	9.0
3227.0	4.0
3228.0	8.0
3229.0	7.0
3230.0	8.0
3231.0	5.0
3232.0	6.0
3233.0	10.0
3234.0	4.0
3235.0	3.0
3236.0	7.0
3237.0	3.0
3238.0	8.0
3239.0	3.0
3240.0	3.0
3241.0	4.0
3242.0	5.0
3243.0	4.0
3244.0	9.0
3245.0	12.0
3246.0	4.0
3247.0	6.0
3248.0	9.0
3249.0	3.0
3250.0	7.0
3251.0	7.0
3252.0	10.0
3253.0	8.0
3254.0	14.0
3255.0	9.0
3256.0	9.0
3257.0	13.0
3258.0	11.0
3259.0	7.0
3260.0	7.0
3261.0	7.0
3262.0	8.0
3263.0	8.0
3264.0	13.0
3265.0	13.0
3266.0	5.0
3267.0	11.0
3268.0	4.0
3269.0	7.0
3270.0	7.0
3271.0	6.0
3272.0	5.0
3273.0	5.0
3274.0	11.0
3275.0	4.0
3276.0	10.0
3277.0	5.0
3278.0	7.0
3279.0	1.0
3280.0	6.0
3281.0	3.0
3282.0	2.0
3283.0	5.0
3284.0	4.0
3285.0	9.0
3286.0	5.0
3287.0	5.0
3288.0	1.0
3289.0	1.0
3290.0	10.0
3291.0	4.0
3292.0	3.0
3293.0	2.0
3294.0	7.0
3295.0	12.0
3296.0	3.0
3297.0	4.0
3298.0	7.0
3300.0	4.0
3301.0	2.0
3302.0	2.0
3303.0	7.0
3304.0	5.0
3305.0	6.0
3306.0	7.0
3307.0	3.0
3308.0	4.0
3309.0	9.0
3310.0	6.0
3311.0	4.0
3312.0	7.0
3313.0	1.0
3314.0	7.0
3315.0	5.0
3316.0	4.0
3317.0	4.0
3318.0	6.0
3319.0	5.0
3320.0	5.0
3321.0	7.0
3322.0	1.0
3323.0	5.0
3324.0	2.0
3325.0	2.0
3326.0	3.0
3327.0	5.0
3328.0	5.0
3329.0	5.0
3330.0	3.0
3331.0	4.0
3332.0	5.0
3333.0	5.0
3334.0	4.0
3335.0	2.0
3336.0	2.0
3337.0	3.0
3338.0	6.0
3339.0	7.0
3340.0	5.0
3341.0	3.0
3342.0	4.0
3343.0	4.0
3344.0	1.0
3345.0	1.0
3346.0	8.0
3347.0	5.0
3348.0	1.0
3349.0	1.0
3350.0	4.0
3351.0	5.0
3352.0	4.0
3353.0	3.0
3354.0	4.0
3355.0	6.0
3356.0	10.0
3357.0	3.0
3358.0	1.0
3359.0	7.0
3360.0	8.0
3361.0	5.0
3362.0	3.0
3363.0	3.0
3364.0	1.0
3365.0	5.0
3366.0	3.0
3367.0	4.0
3368.0	6.0
3369.0	6.0
3370.0	5.0
3371.0	4.0
3372.0	3.0
3373.0	7.0
3374.0	4.0
3375.0	1.0
3376.0	8.0
3377.0	8.0
3378.0	6.0
3379.0	5.0
3380.0	5.0
3381.0	6.0
3382.0	4.0
3383.0	4.0
3384.0	3.0
3385.0	2.0
3388.0	2.0
3389.0	1.0
3390.0	2.0
3392.0	1.0
3393.0	1.0
3394.0	2.0
3395.0	1.0
3397.0	3.0
3399.0	1.0
3400.0	2.0
3401.0	1.0
3402.0	1.0
3403.0	2.0
3404.0	1.0
3405.0	1.0
3408.0	4.0
3409.0	1.0
3410.0	4.0
3411.0	1.0
3412.0	1.0
3413.0	1.0
3414.0	2.0
3415.0	2.0
3416.0	2.0
3417.0	2.0
3419.0	3.0
3420.0	1.0
3421.0	3.0
3422.0	2.0
3424.0	1.0
3425.0	2.0
3426.0	2.0
3427.0	1.0
3428.0	4.0
3429.0	1.0
3430.0	1.0
3431.0	2.0
3432.0	2.0
3433.0	3.0
3434.0	3.0
3435.0	7.0
3436.0	3.0
3437.0	2.0
3438.0	3.0
3439.0	2.0
3440.0	3.0
3443.0	3.0
3444.0	3.0
3445.0	3.0
3446.0	3.0
3447.0	1.0
3448.0	1.0
3449.0	3.0
3450.0	2.0
3451.0	4.0
3452.0	4.0
3453.0	1.0
3454.0	1.0
3455.0	1.0
3456.0	1.0
3457.0	4.0
3458.0	2.0
3459.0	1.0
3462.0	5.0
3463.0	3.0
3464.0	4.0
3465.0	2.0
3466.0	6.0
3467.0	4.0
3468.0	1.0
3469.0	3.0
3470.0	2.0
3471.0	1.0
3472.0	1.0
3473.0	2.0
3474.0	3.0
3475.0	3.0
3476.0	2.0
3478.0	3.0
3479.0	1.0
3480.0	3.0
3481.0	1.0
3482.0	1.0
3483.0	2.0
3484.0	1.0
3485.0	2.0
3486.0	1.0
3487.0	2.0
3488.0	3.0
3489.0	1.0
3490.0	3.0
3491.0	1.0
3492.0	2.0
3494.0	1.0
3495.0	3.0
3496.0	1.0
3497.0	2.0
3498.0	1.0
3499.0	2.0
3500.0	1.0
3501.0	1.0
3502.0	3.0
3503.0	1.0
3504.0	2.0
3505.0	3.0
3507.0	1.0
3508.0	2.0
3509.0	1.0
3510.0	2.0
3511.0	2.0
3512.0	1.0
3513.0	1.0
3515.0	2.0
3516.0	2.0
3517.0	2.0
3518.0	3.0
3519.0	3.0
3520.0	2.0
3521.0	2.0
3522.0	1.0
3523.0	1.0
3525.0	2.0
3526.0	1.0
3528.0	2.0
3529.0	1.0
3530.0	3.0
3531.0	1.0
3532.0	3.0
3533.0	2.0
3535.0	2.0
3536.0	2.0
3537.0	1.0
3539.0	1.0
3540.0	3.0
3542.0	3.0
3544.0	2.0
3545.0	3.0
3546.0	1.0
3548.0	2.0
3549.0	2.0
3550.0	1.0
3551.0	2.0
3552.0	1.0
3553.0	1.0
3554.0	1.0
3555.0	1.0
3556.0	3.0
3557.0	2.0
3558.0	1.0
3559.0	3.0
3560.0	1.0
3563.0	2.0
3564.0	1.0
3565.0	5.0
3566.0	3.0
3567.0	2.0
3568.0	1.0
3569.0	2.0
3570.0	6.0
3571.0	1.0
3572.0	3.0
3573.0	2.0
3574.0	3.0
3575.0	3.0
3576.0	2.0
3577.0	1.0
3578.0	3.0
3579.0	2.0
3580.0	2.0
3581.0	3.0
3582.0	1.0
3584.0	1.0
3585.0	1.0
3586.0	6.0
3588.0	1.0
3589.0	3.0
3590.0	2.0
3591.0	2.0
3592.0	3.0
3593.0	2.0
3594.0	3.0
3595.0	2.0
3596.0	6.0
3597.0	1.0
3598.0	2.0
3599.0	5.0
3600.0	1.0
3601.0	1.0
3602.0	2.0
3604.0	1.0
3605.0	3.0
3606.0	3.0
3607.0	3.0
3608.0	4.0
3609.0	2.0
3610.0	4.0
3611.0	3.0
3612.0	3.0
3613.0	6.0
3614.0	3.0
3615.0	1.0
3616.0	7.0
3617.0	2.0
3618.0	8.0
3619.0	4.0
3620.0	2.0
3621.0	5.0
3622.0	4.0
3623.0	5.0
3625.0	2.0
3626.0	5.0
3627.0	5.0
3628.0	5.0
3629.0	4.0
3630.0	1.0
3631.0	4.0
3632.0	8.0
3633.0	5.0
3634.0	1.0
3635.0	2.0
3636.0	3.0
3637.0	3.0
3638.0	6.0
3639.0	5.0
3640.0	3.0
3641.0	3.0
3642.0	6.0
3643.0	4.0
3644.0	9.0
3645.0	5.0
3646.0	7.0
3647.0	2.0
3648.0	5.0
3649.0	5.0
3651.0	5.0
3652.0	2.0
3653.0	3.0
3654.0	2.0
3655.0	10.0
3656.0	7.0
3657.0	5.0
3658.0	3.0
3659.0	4.0
3660.0	3.0
3661.0	10.0
3662.0	8.0
3663.0	5.0
3664.0	7.0
3665.0	5.0
3666.0	2.0
3667.0	8.0
3668.0	3.0
3669.0	3.0
3670.0	6.0
3671.0	7.0
3672.0	2.0
3673.0	3.0
3674.0	5.0
3675.0	5.0
3676.0	2.0
3677.0	6.0
3678.0	5.0
3679.0	8.0
3680.0	7.0
3681.0	3.0
3682.0	10.0
3683.0	7.0
3684.0	4.0
3685.0	6.0
3686.0	7.0
3687.0	2.0
3688.0	3.0
3689.0	6.0
3690.0	10.0
3691.0	6.0
3692.0	9.0
3693.0	4.0
3694.0	6.0
3695.0	6.0
3696.0	9.0
3697.0	3.0
3698.0	4.0
3699.0	6.0
3700.0	7.0
3701.0	3.0
3702.0	4.0
3703.0	4.0
3704.0	4.0
3705.0	7.0
3706.0	9.0
3707.0	5.0
3708.0	3.0
3709.0	3.0
3710.0	7.0
3711.0	3.0
3712.0	3.0
3713.0	4.0
3714.0	2.0
3715.0	5.0
3716.0	5.0
3717.0	4.0
3718.0	2.0
3719.0	2.0
3720.0	4.0
3721.0	2.0
3722.0	3.0
3723.0	3.0
3724.0	8.0
3725.0	4.0
3726.0	2.0
3727.0	4.0
3728.0	4.0
3729.0	2.0
3730.0	5.0
3731.0	5.0
3732.0	7.0
3733.0	3.0
3734.0	3.0
3735.0	3.0
3736.0	2.0
3737.0	1.0
3738.0	1.0
3739.0	5.0
3740.0	3.0
3741.0	5.0
3742.0	7.0
3743.0	2.0
3744.0	2.0
3745.0	3.0
3746.0	2.0
3747.0	2.0
3748.0	1.0
3749.0	5.0
3750.0	2.0
3751.0	2.0
3752.0	4.0
3753.0	2.0
3754.0	3.0
3755.0	3.0
3756.0	4.0
3757.0	3.0
3759.0	3.0
3760.0	3.0
3761.0	1.0
3762.0	6.0
3763.0	4.0
3764.0	4.0
3765.0	3.0
3766.0	5.0
3767.0	2.0
3768.0	6.0
3769.0	4.0
3770.0	6.0
3771.0	3.0
3772.0	7.0
3773.0	5.0
3774.0	6.0
3776.0	6.0
3777.0	7.0
3778.0	4.0
3779.0	5.0
3780.0	4.0
3781.0	4.0
3782.0	3.0
3783.0	2.0
3784.0	3.0
3785.0	7.0
3786.0	6.0
3787.0	3.0
3789.0	7.0
3790.0	5.0
3791.0	8.0
3792.0	8.0
3793.0	6.0
3794.0	10.0
3795.0	4.0
3796.0	4.0
3797.0	3.0
3798.0	6.0
3799.0	4.0
3800.0	8.0
3801.0	5.0
3802.0	3.0
3803.0	2.0
3804.0	7.0
3805.0	8.0
3806.0	5.0
3807.0	3.0
3808.0	6.0
3809.0	4.0
3810.0	6.0
3811.0	6.0
3812.0	3.0
3813.0	4.0
3814.0	9.0
3815.0	4.0
3816.0	7.0
3817.0	5.0
3818.0	5.0
3819.0	7.0
3820.0	5.0
3821.0	9.0
3822.0	12.0
3823.0	9.0
3824.0	13.0
3825.0	5.0
3826.0	6.0
3827.0	10.0
3828.0	10.0
3829.0	9.0
3830.0	8.0
3831.0	6.0
3832.0	5.0
3833.0	7.0
3834.0	3.0
3835.0	10.0
3836.0	6.0
3837.0	9.0
3838.0	10.0
3839.0	8.0
3840.0	10.0
3841.0	9.0
3842.0	5.0
3843.0	3.0
3844.0	5.0
3845.0	10.0
3846.0	7.0
3847.0	7.0
3848.0	5.0
3849.0	1.0
3850.0	5.0
3851.0	6.0
3852.0	6.0
3853.0	4.0
3854.0	3.0
3855.0	3.0
3856.0	2.0
3857.0	6.0
3858.0	7.0
3859.0	2.0
3860.0	4.0
3861.0	6.0
3862.0	3.0
3863.0	5.0
3864.0	3.0
3865.0	6.0
3866.0	11.0
3867.0	7.0
3868.0	5.0
3869.0	7.0
3870.0	3.0
3871.0	3.0
3872.0	2.0
3873.0	1.0
3874.0	2.0
3875.0	1.0
3876.0	3.0
3877.0	3.0
3879.0	5.0
3880.0	4.0
3881.0	6.0
3882.0	5.0
3883.0	2.0
3884.0	4.0
3885.0	3.0
3886.0	1.0
3887.0	2.0
3888.0	3.0
3889.0	3.0
3890.0	4.0
3891.0	2.0
3892.0	1.0
3893.0	3.0
3894.0	3.0
3895.0	3.0
3896.0	1.0
3897.0	1.0
3898.0	3.0
3899.0	7.0
3900.0	5.0
3901.0	3.0
3902.0	5.0
3903.0	3.0
3904.0	2.0
3905.0	3.0
3906.0	2.0
3907.0	7.0
3908.0	3.0
3909.0	8.0
3910.0	5.0
3911.0	5.0
3912.0	3.0
3913.0	1.0
3914.0	2.0
3915.0	4.0
3916.0	5.0
3917.0	1.0
3918.0	2.0
3919.0	2.0
3920.0	2.0
3921.0	3.0
3922.0	3.0
3923.0	2.0
3924.0	2.0
3925.0	6.0
3926.0	4.0
3927.0	2.0
3928.0	5.0
3929.0	3.0
3930.0	2.0
3931.0	1.0
3932.0	4.0
3934.0	8.0
3935.0	6.0
3936.0	4.0
3937.0	4.0
3938.0	3.0
3939.0	3.0
3940.0	3.0
3941.0	3.0
3942.0	6.0
3943.0	9.0
3944.0	5.0
3945.0	1.0
3946.0	3.0
3947.0	2.0
3948.0	4.0
3949.0	2.0
3950.0	5.0
3951.0	1.0
3952.0	2.0
3953.0	4.0
3955.0	2.0
3956.0	8.0
3957.0	2.0
3958.0	4.0
3960.0	4.0
3961.0	3.0
3962.0	3.0
3963.0	2.0
3964.0	2.0
3965.0	4.0
3967.0	3.0
3968.0	3.0
3969.0	3.0
3970.0	1.0
3971.0	2.0
3972.0	2.0
3973.0	2.0
3974.0	3.0
3975.0	3.0
3976.0	4.0
3977.0	3.0
3978.0	2.0
3979.0	1.0
3980.0	6.0
3981.0	1.0
3982.0	2.0
3983.0	3.0
3984.0	3.0
3986.0	2.0
3987.0	2.0
3988.0	4.0
3989.0	2.0
3990.0	1.0
3992.0	3.0
3993.0	3.0
3994.0	1.0
3995.0	3.0
3996.0	6.0
3997.0	5.0
3998.0	1.0
3999.0	8.0
4000.0	1.0
4001.0	5.0
4002.0	3.0
4003.0	6.0
4004.0	4.0
4005.0	5.0
4006.0	3.0
4007.0	5.0
4008.0	4.0
4009.0	6.0
4010.0	3.0
4011.0	2.0
4012.0	2.0
4013.0	1.0
4014.0	4.0
4015.0	5.0
4016.0	4.0
4017.0	3.0
4018.0	5.0
4019.0	4.0
4020.0	6.0
4021.0	2.0
4022.0	3.0
4023.0	4.0
4024.0	1.0
4025.0	3.0
4026.0	2.0
4027.0	6.0
4028.0	1.0
4029.0	3.0
4030.0	4.0
4031.0	1.0
4032.0	1.0
4033.0	1.0
4034.0	3.0
4036.0	2.0
4037.0	3.0
4038.0	4.0
4039.0	3.0
4040.0	4.0
4041.0	1.0
4042.0	3.0
4043.0	4.0
4044.0	1.0
4045.0	1.0
4046.0	4.0
4047.0	1.0
4048.0	3.0
4051.0	1.0
4052.0	1.0
4053.0	1.0
4054.0	3.0
4055.0	2.0
4056.0	4.0
4057.0	2.0
4058.0	1.0
4059.0	3.0
4062.0	2.0
4063.0	1.0
4065.0	3.0
4068.0	2.0
4069.0	1.0
4070.0	3.0
4073.0	3.0
4075.0	1.0
4076.0	1.0
4077.0	2.0
4078.0	3.0
4079.0	1.0
4080.0	1.0
4081.0	3.0
4082.0	1.0
4084.0	5.0
4085.0	4.0
4086.0	1.0
4087.0	1.0
4089.0	2.0
4090.0	2.0
4091.0	3.0
4093.0	1.0
4094.0	1.0
4095.0	1.0
4096.0	1.0
4097.0	4.0
4098.0	2.0
4099.0	2.0
4100.0	2.0
4101.0	4.0
4104.0	3.0
4105.0	1.0
4106.0	2.0
4108.0	5.0
4109.0	2.0
4110.0	1.0
4111.0	2.0
4113.0	1.0
4114.0	1.0
4115.0	2.0
4116.0	1.0
4118.0	1.0
4121.0	1.0
4122.0	1.0
4125.0	1.0
4127.0	1.0
4128.0	1.0
4129.0	2.0
4130.0	1.0
4132.0	1.0
4133.0	2.0
4143.0	1.0
4144.0	1.0
4145.0	2.0
4146.0	1.0
4147.0	1.0
4149.0	1.0
4152.0	1.0
4154.0	1.0
4155.0	2.0
4157.0	1.0
4158.0	1.0
4160.0	1.0
4161.0	1.0
4164.0	1.0
4167.0	1.0
4169.0	1.0
4170.0	2.0
4174.0	1.0
4177.0	2.0
4178.0	1.0
4180.0	1.0
4181.0	1.0
4183.0	1.0
4188.0	1.0
4189.0	2.0
4191.0	3.0
4192.0	4.0
4193.0	2.0
4194.0	2.0
4196.0	1.0
4197.0	3.0
4201.0	1.0
4202.0	2.0
4204.0	2.0
4206.0	4.0
4207.0	2.0
4208.0	1.0
4209.0	1.0
4211.0	1.0
4212.0	1.0
4213.0	1.0
4214.0	1.0
4216.0	1.0
4217.0	3.0
4218.0	1.0
4219.0	2.0
4221.0	1.0
4222.0	1.0
4224.0	2.0
4228.0	2.0
4231.0	1.0
4232.0	1.0
4235.0	1.0
4237.0	1.0
4241.0	1.0
4248.0	1.0
4250.0	2.0
4251.0	1.0
4259.0	1.0
4260.0	1.0
4264.0	2.0
4265.0	1.0
4268.0	1.0
4269.0	1.0
4270.0	1.0
4271.0	1.0
4272.0	2.0
4275.0	1.0
4276.0	1.0
4278.0	2.0
4281.0	1.0
4282.0	1.0
4284.0	1.0
4285.0	1.0
4286.0	1.0
4290.0	2.0
4292.0	1.0
4293.0	2.0
4294.0	1.0
4296.0	3.0
4297.0	2.0
4299.0	2.0
4301.0	1.0
4302.0	1.0
4304.0	1.0
4306.0	2.0
4307.0	2.0
4310.0	2.0
4311.0	1.0
4313.0	2.0
4314.0	1.0
4316.0	1.0
4317.0	1.0
4320.0	2.0
4322.0	3.0
4323.0	3.0
4326.0	1.0
4328.0	1.0
4330.0	2.0
4331.0	1.0
4332.0	1.0
4333.0	2.0
4335.0	1.0
4344.0	1.0
4346.0	1.0
4350.0	1.0
4369.0	1.0
4380.0	1.0
4383.0	1.0
4410.0	1.0
4416.0	1.0
4419.0	1.0
4435.0	1.0
4446.0	1.0
4447.0	2.0
4449.0	1.0
4452.0	1.0
4454.0	1.0
4455.0	1.0
4458.0	1.0
4463.0	2.0
4464.0	1.0
4469.0	1.0
4472.0	1.0
4473.0	1.0
4495.0	1.0
4496.0	1.0
4497.0	1.0
4498.0	2.0
4501.0	2.0
4502.0	1.0
4506.0	1.0
4509.0	1.0
4515.0	1.0
4516.0	1.0
4517.0	1.0
4518.0	1.0
4519.0	1.0
4526.0	1.0
4529.0	3.0
4530.0	1.0
4533.0	1.0
4536.0	1.0
4538.0	1.0
4540.0	1.0
4552.0	1.0
4557.0	1.0
4560.0	2.0
4562.0	1.0
4564.0	1.0
4565.0	1.0
4568.0	1.0
4569.0	1.0
4571.0	1.0
4573.0	1.0
4574.0	1.0
4580.0	1.0
4585.0	1.0
4587.0	1.0
4590.0	1.0
4592.0	1.0
4599.0	1.0
4604.0	1.0
4606.0	1.0
4608.0	1.0
4610.0	3.0
4612.0	2.0
4614.0	1.0
4615.0	1.0
4616.0	1.0
4619.0	1.0
4626.0	2.0
4627.0	1.0
4630.0	1.0
4631.0	1.0
4632.0	3.0
4633.0	1.0
4636.0	1.0
4637.0	1.0
4638.0	1.0
4643.0	1.0
4645.0	1.0
4650.0	1.0
4651.0	3.0
4654.0	2.0
4655.0	1.0
4656.0	3.0
4659.0	1.0
4660.0	2.0
4662.0	1.0
4663.0	1.0
4664.0	1.0
4667.0	1.0
4670.0	1.0
4671.0	1.0
4672.0	1.0
4677.0	1.0
4679.0	2.0
4682.0	1.0
4684.0	1.0
4685.0	1.0
4689.0	1.0
4696.0	1.0
4698.0	1.0
4705.0	1.0
4706.0	1.0
4711.0	1.0
4712.0	2.0
4713.0	1.0
4714.0	1.0
4715.0	3.0
4716.0	1.0
4719.0	1.0
4721.0	1.0
4723.0	1.0
4724.0	1.0
4725.0	1.0
4727.0	2.0
4729.0	1.0
4730.0	1.0
4733.0	1.0
4734.0	3.0
4735.0	2.0
4737.0	1.0
4738.0	1.0
4741.0	4.0
4742.0	3.0
4743.0	1.0
4745.0	3.0
4746.0	2.0
4747.0	1.0
4748.0	2.0
4750.0	1.0
4752.0	1.0
4753.0	1.0
4754.0	3.0
4755.0	1.0
4756.0	1.0
4757.0	2.0
4759.0	2.0
4760.0	1.0
4761.0	1.0
4764.0	1.0
4765.0	1.0
4768.0	1.0
4769.0	1.0
4771.0	1.0
4780.0	1.0
4781.0	1.0
4784.0	1.0
4791.0	1.0
4795.0	1.0
4798.0	1.0
4805.0	2.0
4807.0	1.0
4808.0	1.0
4817.0	1.0
4819.0	1.0
4821.0	1.0
4823.0	1.0
4824.0	2.0
4826.0	1.0
4835.0	2.0
4838.0	1.0
4839.0	1.0
4840.0	1.0
4842.0	1.0
4843.0	1.0
4844.0	1.0
4847.0	1.0
4848.0	1.0
4849.0	1.0
4851.0	1.0
4852.0	4.0
4854.0	1.0
4857.0	1.0
4860.0	2.0
4862.0	2.0
4863.0	2.0
4864.0	1.0
4867.0	1.0
4874.0	1.0
4876.0	1.0
4877.0	1.0
4878.0	2.0
4879.0	1.0
4880.0	3.0
4881.0	1.0
4883.0	1.0
4884.0	4.0
4885.0	1.0
4886.0	1.0
4887.0	4.0
4888.0	2.0
4889.0	2.0
4890.0	2.0
4891.0	1.0
4892.0	2.0
4894.0	4.0
4895.0	1.0
4896.0	1.0
4897.0	2.0
4898.0	2.0
4902.0	1.0
4904.0	1.0
4907.0	1.0
4912.0	1.0
4913.0	1.0
4915.0	2.0
4917.0	1.0
4919.0	1.0
4920.0	1.0
4930.0	1.0
4933.0	1.0
4939.0	1.0
4943.0	1.0
4957.0	1.0
4958.0	1.0
4962.0	2.0
4986.0	1.0
4987.0	1.0
5005.0	1.0
5006.0	1.0
5011.0	1.0
5015.0	1.0
5021.0	1.0
5029.0	1.0
5031.0	1.0
5034.0	1.0
5039.0	2.0
5043.0	2.0
5046.0	1.0
5047.0	1.0
5054.0	1.0
5063.0	1.0
5065.0	1.0
5069.0	1.0
5074.0	1.0
5076.0	1.0
5077.0	1.0
5078.0	1.0
5081.0	1.0
5083.0	1.0
5084.0	2.0
5087.0	1.0
5094.0	1.0
5096.0	2.0
5099.0	1.0
5101.0	3.0
5104.0	1.0
5108.0	1.0
5112.0	2.0
5117.0	1.0
5118.0	1.0
5124.0	1.0
5128.0	1.0
5129.0	1.0
5130.0	1.0
5136.0	1.0
5138.0	1.0
5139.0	1.0
5140.0	1.0
5141.0	1.0
5143.0	2.0
5147.0	1.0
5148.0	1.0
5149.0	1.0
5150.0	1.0
5151.0	2.0
5153.0	1.0
5158.0	1.0
5159.0	1.0
5160.0	1.0
5161.0	1.0
5162.0	1.0
5167.0	1.0
5170.0	1.0
5177.0	1.0
5185.0	1.0
5225.0	1.0
5227.0	1.0
5242.0	1.0
5246.0	1.0
5249.0	2.0
5280.0	1.0
5284.0	1.0
5286.0	1.0
5303.0	1.0
5315.0	1.0
5321.0	1.0
5323.0	1.0
5336.0	1.0
5340.0	1.0
5342.0	1.0
5347.0	1.0
5354.0	1.0
5363.0	1.0
5365.0	1.0
5370.0	1.0
5376.0	1.0
5389.0	1.0
5391.0	1.0
5393.0	2.0
5397.0	1.0
5401.0	1.0
5403.0	1.0
5408.0	1.0
5415.0	1.0
5418.0	1.0
5419.0	1.0
5423.0	1.0
5424.0	1.0
5431.0	1.0
5437.0	1.0
5444.0	3.0
5445.0	1.0
5446.0	1.0
5447.0	1.0
5449.0	2.0
5452.0	2.0
5455.0	2.0
5456.0	2.0
5459.0	1.0
5461.0	1.0
5462.0	1.0
5468.0	2.0
5477.0	1.0
5480.0	1.0
5482.0	1.0
5484.0	2.0
5497.0	1.0
5498.0	1.0
5502.0	1.0
5507.0	1.0
5508.0	1.0
5512.0	1.0
5519.0	1.0
