# Position (bp)	A	C	G	T	N
0.0	25.362923053898616	19.158488871785003	20.403865477946677	35.0747225963697	0.0
1.0	25.26642591147823	26.238830219333874	25.527824918966306	22.966918950221586	0.0
2.0	29.165356558923406	21.205665953968055	24.048075713746698	25.58090177336184	0.0
3.0	33.62020348724921	20.671646979751706	21.10426983305393	24.60387969994515	0.0
4.0	30.723770110027715	21.554284667129888	20.05085250482946	27.671092718012936	0.0
5.0	35.0721026802567	16.55190637976595	22.002265005662515	26.373725934314834	0.0
6.0	31.45977327225889	18.599247210446997	21.003867883206258	28.937111634087852	0.0
7.0	27.7052052607066	20.876488722304774	20.46840692851915	30.949899088469472	0.0
8.0	28.293294030950626	24.11864406779661	18.52837140751658	29.059690493736184	0.0
9.0	29.092205567766644	19.526879507178403	23.759675960980058	27.621238964074895	0.0
10.0	26.821663340767692	22.77776147435145	22.0778553820871	28.322719802793756	0.0
11.0	33.20055357443599	18.31042638411915	18.916722194966574	29.572297846478286	0.0
12.0	28.95162056838704	17.49614324464624	20.06390150102725	33.48833468593948	0.0
13.0	29.795188200503812	21.53846153846154	18.683509181848052	29.982841079186596	0.0
14.0	31.522365417295727	23.478400396764616	18.313166896410884	26.68606728952877	0.0
15.0	30.796853376065265	20.39915507320271	18.762473596037584	30.04151795469444	0.0
16.0	30.181704397435617	18.560482022398322	18.588134273509873	32.669679306656185	0.0
17.0	34.84096113999055	18.425242647860703	20.804100476207786	25.929695735940967	0.0
18.0	33.17495259475599	20.001017124009213	21.688716462152087	25.1353138190827	0.0
19.0	29.57972455950575	24.0520389420878	21.178571687853466	25.189664810552987	0.0
20.0	27.246738546821263	22.360000580458852	19.138453947845772	31.254806924874114	0.0
21.0	24.78569874537675	24.051055188918706	24.019145695844514	27.144100369860034	0.0
22.0	29.13975454697026	21.37021652929706	23.860267200197175	25.62976172353551	0.0
23.0	27.994318964080488	22.550959037122382	19.995942117200354	29.458779881596776	0.0
24.0	30.331015500507025	21.693466608720847	19.122845139794293	28.85267275097784	0.0
25.0	26.130926096178484	21.84900715945533	20.092081164624037	31.927985579742145	0.0
26.0	29.42661795029483	20.258293238794632	17.48724812791665	32.82784068299389	0.0
27.0	29.95544690515109	18.417931174147633	18.46277357480725	33.163848345894024	0.0
28.0	32.38247392124686	17.264387592079867	21.068307176265623	29.284831310407643	0.0
29.0	35.17825402101186	13.748031040910996	19.52051330221535	31.55320163586179	0.0
30.0	30.41575492341357	16.08134555249836	21.424702645319236	32.078196878768836	0.0
31.0	32.02249218620297	17.543327775251377	16.95214996715679	33.48203007138887	0.0
32.0	33.84368957257063	16.88504718750902	17.841063234148173	31.430200005772175	0.0
33.0	31.198569131021152	20.66610412745119	18.245743092667517	29.889583648860135	0.0
34.0	32.95752717626366	17.584556385340676	20.566736829964533	28.891179608431127	0.0
35.0	29.685214672209693	17.554199419279072	24.275719957058353	28.484865951452882	0.0
36.0	32.29694700460829	16.954205069124423	19.586693548387096	31.162154377880185	0.0
37.0	32.59688388327156	17.819437947536972	17.348781979777623	32.23489618941384	0.0
38.0	32.7087948445007	19.0619695618401	18.815990103282605	29.413245490376593	0.0
39.0	28.788445224093056	19.658648108473407	20.7363365781414	30.816570089292135	0.0
40.0	28.037027188247894	18.195930746508935	20.126346655550844	33.64069540969233	0.0
41.0	29.942743841550584	18.28748769746909	20.764516986472604	31.005251474507716	0.0
42.0	31.497335420946033	19.550540816179957	17.535228464311878	31.41689529856213	0.0
43.0	31.269163106308117	20.366208307902202	18.1840376261085	30.180590959681187	0.0
44.0	29.674992282233344	17.907372441470613	20.031732584769795	32.385902691526255	0.0
45.0	29.094824492139832	15.698083411097553	23.93798004450506	31.269112052257555	0.0
46.0	28.80191773546447	19.425684162174964	21.32978303464412	30.442615067716446	0.0
47.0	30.675881272247103	20.50034447123665	20.197496842347	28.626277414169248	0.0
48.0	29.67457213591188	19.78185210433784	19.251551792185424	31.29202396756485	0.0
49.0	29.252593963921296	17.75591624689657	18.853776495744896	34.13771329343723	0.0
50.0	29.753756080761118	17.445865082440054	20.558353781910544	32.24202505488829	0.0
51.0	29.198714269314657	18.549104580415566	19.791786247273564	32.46039490299621	0.0
52.0	28.876564114338194	20.28971989438641	19.992681666857994	30.841034324417404	0.0
53.0	32.611097559225726	18.66022872393853	18.409120259430917	30.31955345740483	0.0
54.0	30.567851633963482	19.23951644725042	18.09233418230082	32.100297736485274	0.0
55.0	29.738648836725467	18.14536089130575	18.570065499207267	33.545924772761516	0.0
56.0	30.976225662510583	18.369513752385323	18.656470149360803	31.99779043574329	0.0
57.0	29.331544664122355	20.397285431432753	18.35059829550346	31.920571608941433	0.0
58.0	32.845296337211806	20.03342850174316	17.854119740032424	29.267155421012607	0.0
59.0	32.693700996391755	19.785800879464574	17.687567699403886	29.832930424739786	0.0
60.0	31.232963186135258	20.053943932742246	19.198157872084014	29.514935009038478	0.0
61.0	29.957821040701262	20.48979240491801	19.36215083999254	30.19023571438819	0.0
62.0	30.943926775556463	20.396393294454366	19.42585379500312	29.233826134986046	0.0
63.0	30.39271240540831	21.230140228813255	19.311408385037478	29.065738980740953	0.0
64.0	30.552447351810407	21.04134389166236	18.936850863602455	29.469357892924776	0.0
65.0	30.759023354564757	22.024014460320192	17.754777070063692	29.46218511505136	0.0
66.0	29.567624949790556	23.02820336259827	17.798531015091527	29.60564067251965	0.0
67.0	31.5466328118836	19.192506042935324	20.047482767771967	29.213378377409104	0.0
68.0	30.715105436809644	18.576244441256634	19.153636494046765	31.555013627886957	0.0
69.0	31.10242432936451	18.41199254052503	18.840912351169127	31.644670778941332	0.0
70.0	29.10629751829006	19.756849806340554	19.35159948357481	31.785253191794578	0.0
71.0	31.184191651126092	19.374551714244728	17.54124228948501	31.900014345144168	0.0
72.0	28.19630036078296	20.048200030125017	17.405088259132544	34.35041134995947	0.0
73.0	29.268187719210164	18.947647771856463	18.916805933109075	32.8673585758243	0.0
74.0	28.156850931365163	18.244285212202065	20.528765806669107	33.070098049763665	0.0
75.0	28.787933124376895	17.867927099545984	20.79570802521822	32.548431750858896	0.0
76.0	27.9942621481083	18.46440738748431	20.665590819436975	32.875739644970416	0.0
77.0	27.760922112481083	20.21173584662062	19.807917141852975	32.21942489904532	0.0
78.0	29.179996270102	20.152208529989814	17.564950435393865	33.10284476451432	0.0
79.0	29.3147599543795	19.541499594723515	18.56238029997633	32.58136015092066	0.0
80.0	28.055665148308883	18.9254330906352	19.25110290161759	33.76779885943832	0.0
81.0	29.320746325401892	18.15527642877126	18.303766776898634	34.220210468928215	0.0
82.0	31.20095261323042	16.30130697387487	19.054416596129293	33.44332381676542	0.0
83.0	31.27672089753522	17.2685145332989	19.25984907176265	32.19491549740323	0.0
84.0	29.889674762922684	18.31341549144226	19.449665007245027	32.347244738390025	0.0
85.0	31.123257799106213	17.18923726929064	18.78241408250662	32.90509084909653	0.0
86.0	31.639731146929496	18.062938016025022	17.55363790914373	32.743692927901755	0.0
87.0	31.7085942599726	19.83329388050815	17.870695158779686	30.58741670073956	0.0
88.0	31.20045909400667	19.624116782037948	18.961299809906386	30.214124314048995	0.0
89.0	32.050500340733834	19.583228722068792	19.34076969979556	29.025501237401812	0.0
90.0	33.38426444004477	19.323692290034717	19.00591087773665	28.286132392183866	0.0
91.0	31.658572627561814	20.630832908904402	19.72841330530907	27.982181158224716	0.0
92.0	31.868328933777114	20.097124985653622	19.316681969470906	28.717864111098358	0.0
93.0	31.13666360610582	19.73129232181797	19.059881785837256	30.072162286238953	0.0
94.0	31.656946925190272	19.51910592724899	19.388552942104774	29.435394205455967	0.0
95.0	32.178185861339266	19.43617517305692	19.290556292815896	29.09508267278792	0.0
96.0	31.777001484839573	19.90187147171273	18.5518868939595	29.769240149488198	0.0
97.0	32.64351655918915	19.683090761715526	18.613575881040678	29.059816798054644	0.0
98.0	31.931453001262483	18.273700218064963	19.41567198439114	30.379174796281415	0.0
99.0	31.760013772523816	18.902071617123838	18.761477103179157	30.57643750717319	0.0
100.0	31.627800213759517	19.435617499587547	18.68889383038398	30.24768845626896	0.0
101.0	32.69254219537913	19.094619506351723	18.6979506638644	29.514887634404747	0.0
102.0	31.983416537556664	18.912463418832846	19.032966087106214	30.071153956504276	0.0
103.0	31.617341156555295	19.780653305980746	19.703903481716324	28.898102055747632	0.0
104.0	31.885866758478222	19.365782980432662	19.022924198083434	29.725426063005685	0.0
105.0	30.76884454550019	19.925834008765072	18.918783218689256	30.386538227045484	0.0
106.0	29.6773684512538	20.24946921443737	20.080191656624777	29.992970677684056	0.0
107.0	30.8532080479145	18.872431230498872	19.903166804145894	30.371193917440735	0.0
108.0	30.256362436519098	18.731529567038706	20.569247984391588	30.44286001205061	0.0
109.0	30.96114255381724	18.336955820009038	19.093732739388983	31.60816888678474	0.0
110.0	31.161723037193788	18.538072522506365	18.113410566335496	32.18679387396435	0.0
111.0	30.44445082061288	18.43581430047056	17.735711006541948	33.38402387237461	0.0
112.0	29.853594152373987	18.730049423630092	18.10669478577116	33.30966163822477	0.0
113.0	30.055950075317412	18.987160175023313	17.996556918442007	32.96033283121727	0.0
114.0	30.90403058626057	18.80294672510383	17.397011670695576	32.89601101794002	0.0
115.0	31.655512277001876	17.874281779250683	18.107412109865358	32.36279383388209	0.0
116.0	31.527602433145873	17.268736370939976	18.554171927005626	32.649489268908525	0.0
117.0	31.165579920663955	17.30974771711607	19.358425330148414	32.16624703207156	0.0
118.0	30.556512008263752	17.568362457318297	18.899027287595764	32.97609824682219	0.0
119.0	30.491015386822568	18.351565582296185	18.431189699078228	32.72622933180302	0.0
120.0	30.987683545302602	19.143228101888717	17.97040320787335	31.898685144935335	0.0
121.0	30.812435441294618	20.179616664753816	17.277344198324343	31.730603695627224	0.0
122.0	31.738459883074494	19.99210932176034	18.116279903877192	30.15315089128797	0.0
123.0	31.000595378998185	19.37492378431499	19.37492378431499	30.249557052371834	0.0
124.0	31.413406018003805	18.857368288921563	19.652117777857477	30.077107915217155	0.0
125.0	30.343219883082885	19.738909012660045	18.739733888032134	31.17813721622494	0.0
126.0	30.26468689477082	18.815723405781508	18.718886736962915	32.200702962484755	0.0
127.0	29.511218868357624	19.88121198209572	18.67181223459199	31.935756914954666	0.0
128.0	30.122305512714753	19.695850220580326	18.700907427997564	31.480936838707365	0.0
129.0	29.2325129301378	19.970158461439137	18.940051505347803	31.857277103075255	0.0
130.0	29.512912482065996	20.407460545193686	18.57747489239598	31.50215208034433	0.0
131.0	29.706812817882483	20.054663232878283	19.062547077095243	31.17597687214399	0.0
132.0	29.526884034578	19.447612898597512	18.86939990673984	32.156103160084655	0.0
133.0	30.135944617812694	19.054485455001974	18.548728433588003	32.26084149359733	0.0
134.0	30.250008967323073	18.13910111553499	18.862943434126045	32.74794648301589	0.0
135.0	30.615377993313913	17.42040546938893	18.785600527999772	33.178616009297386	0.0
136.0	30.73275367309458	18.79806588613407	18.403495179063363	32.06568526170799	0.0
137.0	30.556492169508793	19.26308011277629	18.562891434884605	31.61753628283031	0.0
138.0	30.31213906006758	19.787220305180316	18.55903811525686	31.341602519495236	0.0
139.0	29.827607234326464	20.195708474722185	18.222123379558223	31.75456091139313	0.0
140.0	31.003436376810555	20.503475834164327	17.538435049608655	30.95465273941646	0.0
141.0	31.49750344352617	20.519828971533517	16.800103305785125	31.18256427915519	0.0
142.0	31.662732888063072	20.174186281754203	16.972401374550724	31.190679455631997	0.0
143.0	31.955663964416388	19.32706793887653	17.353468684984573	31.363799411722503	0.0
144.0	32.249061964171695	18.98096666116639	18.498855703903523	30.27111567075839	0.0
145.0	32.971747521271865	18.63888769316861	18.096508975076407	30.292855810483122	0.0
146.0	32.050564619115264	19.620334897335457	18.09507411074283	30.23402637280645	0.0
147.0	31.923747479892956	19.71028634155791	18.02567101213239	30.340295166416748	0.0
148.0	31.669763737722324	19.891088327509884	18.09167808636882	30.347469848398973	0.0
149.0	31.34977292131526	19.27263074064242	18.315528164214122	31.062068173828195	0.0
150.0	32.148084373654754	18.7587889223705	18.288133161142202	30.80499354283254	0.0
151.0	32.219113215669395	17.82106471516717	18.501937150236763	31.457884918926677	0.0
152.0	31.937120184822458	18.084045430738215	18.214626516570164	31.76420786786916	0.0
153.0	31.79982062780269	18.240000000000002	18.23139013452915	31.72878923766816	0.0
154.0	31.51852595930316	19.03825732571822	18.671612662514708	30.771604052463907	0.0
155.0	31.9202979141703	19.118311819701656	18.82341123205304	30.13797903407501	0.0
156.0	31.28816307787241	19.052300009327755	19.219482094296435	30.4400548185034	0.0
157.0	32.10969676965688	18.34952570928347	18.961583169496148	30.57919435156351	0.0
158.0	32.178580141497925	18.49016259345895	18.35096077953016	30.980296485512966	0.0
159.0	31.822911060883293	18.275750726509525	18.657482151185736	31.24385606142145	0.0
160.0	30.806377543698517	18.787491748227662	18.762377658505784	31.643753049568033	0.0
161.0	31.025179210826558	19.051958582386753	18.90916396983374	31.013698236952948	0.0
162.0	30.71326061997704	19.1152411021814	18.983926521239955	31.187571756601606	0.0
163.0	30.21742250287026	19.354908151549942	18.874138920780712	31.55353042479908	0.0
164.0	30.11545885746679	18.564550040543352	18.672904841522133	32.64708626046772	0.0
165.0	29.989020530889626	18.291221447998222	19.001657684551958	32.7181003365602	0.0
166.0	30.61808839675922	17.826464488442685	19.043552519214344	32.511894595583755	0.0
167.0	30.74201650520273	17.715823466092573	18.882669537136707	32.65949049156799	0.0
168.0	30.763324267497183	17.780281447567653	18.74547007197652	32.710924212958645	0.0
169.0	30.72965253957547	17.610545804210858	19.053633193162735	32.606168463050935	0.0
170.0	31.05804007118664	18.34706355129456	19.889919053906656	30.704977323612148	0.0
171.0	31.059426332445874	19.132537729011332	19.267450789026114	30.54058514951668	0.0
172.0	29.651158618413024	19.955219703330535	19.337337725247046	31.056283953009395	0.0
173.0	29.422867148926397	20.23337926283155	19.168389022849926	31.175364565392123	0.0
174.0	29.09337524490279	20.403183556885626	18.450420192190382	32.0530210060212	0.0
175.0	29.383311444585587	20.374477002461585	18.870971214502553	31.371240338450278	0.0
176.0	29.03575375694335	20.281035150923625	19.26985402821834	31.41335706391468	0.0
177.0	28.774525986421896	20.069325831407617	19.439939142541373	31.716209039629113	0.0
178.0	28.902173835035416	19.667860398022093	19.398014913269076	32.031950853673415	0.0
179.0	28.36165815008325	19.850577022449333	19.35752425790894	32.43024056955848	0.0
180.0	28.67252318204002	19.95090862113513	19.09898659317314	32.27758160365171	0.0
181.0	29.40061868840928	19.308533162990663	18.93674592864269	32.35410221995736	0.0
182.0	29.033346252673585	19.323744311901585	19.01655111034552	32.62635832507931	0.0
183.0	29.209612127128132	18.921363153512676	18.802934167838995	33.0660905515202	0.0
184.0	29.35767963652807	18.595637475506557	19.197117489574588	32.84956539839079	0.0
185.0	29.32314097042779	18.61541774332472	19.84639678438128	32.21504450186621	0.0
186.0	29.714326729830603	18.301033591731265	20.051679586563306	31.93296009187482	0.0
187.0	30.602371586895977	17.83499382698326	19.605070487237647	31.95756409888311	0.0
188.0	31.011958597125915	17.93287106823435	19.695795110326316	31.359375224313425	0.0
189.0	31.325370391638913	17.86637188469048	19.141208223268634	31.66704950040198	0.0
190.0	31.328466524538623	18.038058731902005	19.34305259455463	31.290422149004744	0.0
191.0	31.377686531807676	18.447159490617775	19.404763613914692	30.770390363659857	0.0
192.0	31.358529844585618	18.631061340224687	19.400595814938445	30.609813000251247	0.0
193.0	30.647083315386713	18.700377596875853	19.56253320124621	31.090005886491223	0.0
194.0	30.49218222802912	19.354190297060978	19.766974400206752	30.38665307470316	0.0
195.0	30.60074375062817	19.540683733685587	19.71585280055135	30.1427197151349	0.0
196.0	31.083399740116157	19.60256437868378	19.08279669473699	30.231239186463064	0.0
197.0	31.27934525091536	19.78390408500251	18.904443965826694	30.03230669825544	0.0
198.0	31.194405955876547	19.55689886640199	18.40248113661328	30.846214041108183	0.0
199.0	31.263326417356467	19.453518174182108	18.358687926714577	30.92446748174685	0.0
200.0	31.32691009864595	19.67534425570409	18.38016742529759	30.61757822035237	0.0
201.0	31.470007538500198	19.663280324514485	18.078759378253224	30.787952758732096	0.0
202.0	31.578909581723934	19.594216216992375	17.933604238760537	30.89326996252315	0.0
203.0	32.20493527566178	19.0181141991485	18.18743134481595	30.58951918037377	0.0
204.0	32.024468520473	18.92576876960964	18.263797646484445	30.78596506343292	0.0
205.0	31.80640019529427	19.161096232687377	18.226268515260955	30.806235056757398	0.0
206.0	31.081847620825588	19.401023903037963	18.670074889962734	30.84705358617372	0.0
207.0	31.222534968549848	19.12212424964816	18.775310911336415	30.880029870465574	0.0
208.0	31.334463098332638	19.3110827074148	18.76965719291695	30.584797001335613	0.0
209.0	31.69728130520329	19.47033563601373	18.797483807034425	30.034899251748552	0.0
210.0	31.52754638938358	19.546734072499568	18.979433561211007	29.94628597690584	0.0
211.0	31.23572751949675	19.144871960590002	19.341634710672583	30.27776580924067	0.0
212.0	31.559104651246294	18.982714914579937	19.343209841080622	30.114970593093147	0.0
213.0	31.890583706767785	18.88572905894519	19.00781339767896	30.215873836608065	0.0
214.0	31.396008531602114	19.127162524147735	18.91315432289385	30.563674621356295	0.0
215.0	31.17427806065655	19.712301516054666	18.83254454442952	30.28087587885926	0.0
216.0	31.04783108302212	20.28942832519391	18.34530307382936	30.31743751795461	0.0
217.0	30.55106687063251	20.57828625600586	18.298752504686185	30.571894368675444	0.0
218.0	30.404774558669327	20.673953949352907	18.11718065470633	30.804090837271435	0.0
219.0	30.4786871117176	20.774230617301683	18.19011024526879	30.556972025711925	0.0
220.0	30.712048954263388	20.170650425189613	18.79668467019076	30.32061595035624	0.0
221.0	30.85658057287327	19.608843048812023	19.39480564254317	30.139770735771542	0.0
222.0	31.29825821511941	19.2702460046687	18.961393427904472	30.470102352307414	0.0
223.0	31.522996142767866	19.317765534876706	19.18775454499745	29.971483777357978	0.0
224.0	32.017411541611	19.122527259406112	18.86824979528509	29.9918114036978	0.0
225.0	32.52212389380531	18.9489713825997	18.630042523847834	29.898862199747157	0.0
226.0	32.262328053729846	18.632331286140143	18.82124771037604	30.284092949753976	0.0
227.0	31.341407349941097	18.86116139413269	18.803695083757148	30.99373617216907	0.0
228.0	31.328434224798684	18.631697663225797	18.836425805802786	31.203442306172736	0.0
229.0	30.69220159760933	18.49893684271019	19.427762772254468	31.38109878742601	0.0
230.0	30.573115715065658	18.536823654492686	19.81552254245568	31.074538087985974	0.0
231.0	30.511652633696368	18.48903704129429	19.947412281962126	31.051898043047217	0.0
232.0	30.459865079422098	18.770340462523258	19.60730783875626	31.162486619298384	0.0
233.0	30.106043624450386	18.665402189843952	19.93203437077909	31.296519814926576	0.0
234.0	30.83544085527072	18.430279342453158	19.66892746292677	31.06535233934935	0.0
235.0	31.10742281522356	18.150726761939662	19.67753755954562	31.064312863291153	0.0
236.0	31.279324591341833	18.13256691216095	19.63714747619903	30.950961020298184	0.0
237.0	31.15950880571383	18.020277212925105	19.861177975296577	30.959036006064483	0.0
238.0	31.171901384667343	18.52522508928122	19.526899336768054	30.775974189283378	0.0
239.0	31.03024554293229	18.945681620568983	19.341625886563047	30.682446949935688	0.0
240.0	31.293475136533488	19.157803966657085	19.03204943949411	30.51667145731532	0.0
241.0	31.564536876675316	19.372201821017153	18.68015781190488	30.383103490402654	0.0
242.0	31.3910368815937	19.579871791186363	18.840371403110357	30.18871992410958	0.0
243.0	31.721813373196113	19.520784223538204	18.620278272868397	30.137124130397286	0.0
244.0	31.41746205151794	19.045394434222633	18.56816352345906	30.968979990800367	0.0
245.0	31.04722202256882	18.780996190613095	18.95349672967728	31.218285057140804	0.0
246.0	30.698072251053006	18.166266549746275	19.191955493581357	31.94370570561937	0.0
247.0	30.282773393136956	17.8900533344834	19.496556978766836	32.3306162936128	0.0
248.0	30.24957589349895	17.37830299893614	19.91719140860864	32.45492969895626	0.0
249.0	30.38121185545148	17.301540518586144	19.834805799768525	32.48244182619385	0.0
250.0	30.96117900790798	17.305535585909418	19.37670740474479	32.35657800143781	0.0
251.0	31.01251716526828	17.572201971399608	19.440070746069065	31.975210117263046	0.0
252.0	31.28496038422271	18.075866729936873	19.3046029075536	31.334569978286815	0.0
253.0	31.3769053781996	18.77552487776819	19.196865113603682	30.65070463042853	0.0
254.0	31.383024620340542	19.015330188679243	19.062787620800737	30.538857570179474	0.0
255.0	31.338314289207048	19.32505411216499	19.051796667697374	30.284834930930586	0.0
256.0	31.506238538707702	19.12193017151487	19.070871237999356	30.300960051778077	0.0
257.0	31.22010859793592	19.02981049300586	19.400194181739725	30.34988672731849	0.0
258.0	31.049463077111188	19.32778548977581	19.138621766055543	30.484129667057463	0.0
259.0	30.858869227449286	19.104445403539057	19.45907063731837	30.57761473169328	0.0
260.0	30.63592547298756	18.735342781094886	19.807208114524137	30.821523631393426	0.0
261.0	30.232089670354966	18.92041612109527	19.82546511460597	31.022029093943797	0.0
262.0	30.19605021763373	18.51361559768337	19.955394078923703	31.334940105759202	0.0
263.0	30.12533636481372	18.31263580504511	20.14231649230858	31.419711337832588	0.0
264.0	30.24233005238013	18.107839751338282	20.115265066482475	31.534565129799113	0.0
265.0	30.84904302777378	17.770182760109368	20.066196575046767	31.314577637070084	0.0
266.0	31.188838360580245	17.798037071148975	20.31933571264103	30.69378885562975	0.0
267.0	32.0522691458053	17.31559367646953	19.976542206040023	30.655594971685147	0.0
268.0	32.069742172714776	17.87377040922796	19.776352999589836	30.28013441846743	0.0
269.0	32.80226818070607	17.94395751478779	19.540750975058646	29.71302332944749	0.0
270.0	33.08025562048418	18.310112553614093	18.9131811508679	29.696450675033827	0.0
271.0	33.54755599055789	18.317116702170534	18.569721918360298	29.56560538891128	0.0
272.0	33.356123961826896	18.04082161415226	18.758366559670662	29.844687864350178	0.0
273.0	33.55260790396062	17.895108065897528	18.658010838977134	29.89427319116472	0.0
274.0	33.295665567823576	17.932975369599955	18.59875912303684	30.172599939539634	0.0
275.0	33.00774501900265	17.715651272601633	18.98393412415064	30.292669584245075	0.0
276.0	32.43953354448604	18.05715519723582	18.84321911891736	30.660092139360785	0.0
277.0	32.354317388331	18.222654141021486	18.75751358744556	30.665514883201954	0.0
278.0	32.30149017349363	18.026060038874093	18.774026347995104	30.898423439637174	0.0
279.0	32.29784599435581	18.066434371940332	18.856188446697	30.779531187006853	0.0
280.0	32.37119488523457	18.025516228436484	18.5158252455145	31.087463640814445	0.0
281.0	32.112925522723344	17.8345141408905	19.07004204826911	30.982518288117046	0.0
282.0	31.928053513439565	17.567557837285158	19.09404454172997	31.410344107545306	0.0
283.0	31.847574059939227	17.441709751285337	19.23542203724239	31.475294151533046	0.0
284.0	31.599300049687827	17.123578675999337	19.417860254776155	31.859261019536678	0.0
285.0	31.09552341994584	17.11845364982428	19.657774961110793	32.12824796911909	0.0
286.0	30.67039267091124	17.465644896430526	19.35841664025813	32.505545792400106	0.0
287.0	30.631662345145493	17.969605301065975	19.3784212042639	32.02031114952463	0.0
288.0	30.02801846769953	18.578620972795438	19.213898312409516	32.179462247095515	0.0
289.0	30.629488500075635	18.97253416122224	18.909866236394937	31.488111102307187	0.0
290.0	30.908265736885326	19.216361462100366	18.589623525004683	31.28574927600962	0.0
291.0	30.828362295034722	19.863980865104754	18.52108008414743	30.786576755713092	0.0
292.0	31.02499261532698	19.88890569952666	18.309666356870625	30.77643532827573	0.0
293.0	31.172545968067322	19.747535881030608	18.48593578880627	30.5939823620958	0.0
294.0	31.558316159621842	19.91021631670726	18.323509489976797	30.207958033694098	0.0
295.0	31.79050377960813	19.529296466841053	18.559353178978316	30.120846574572496	0.0
296.0	31.429436181252164	19.265969099504208	19.06563472846766	30.23895999077597	0.0
297.0	31.421076149156065	19.307551494010983	18.955849921443708	30.31552243538925	0.0
298.0	30.99976215016253	19.46620730415228	18.907620564641096	30.62640998104409	0.0
299.0	31.027995617575826	19.535664859877752	18.899204244031832	30.537135278514587	0.0
300.0	31.120610114756936	19.29098667896892	18.760452107721584	30.827951098552564	0.0
301.0	31.030927835051546	19.263211015788333	18.829932953644292	30.875928195515822	0.0
302.0	31.181865374632288	19.138259214396953	18.827507642614062	30.852367768356693	0.0
303.0	30.919657922441267	19.188503194358315	18.655629425592362	31.236209457608055	0.0
304.0	30.994894279862695	18.889722214209478	19.111835463120546	31.00354804280728	0.0
305.0	30.89761621407191	19.192902737206534	18.967867575462513	30.941613473259043	0.0
306.0	31.133810894453223	19.326797527070212	18.56356540495307	30.97582617352349	0.0
307.0	31.42735517572277	19.17474152050159	18.60547334396352	30.792429959812118	0.0
308.0	31.557335642635493	19.561954246951	18.576170888359673	30.304539222053833	0.0
309.0	31.647287241337	19.727316689402304	18.50320103356935	30.122195035691345	0.0
310.0	31.94891638631802	19.61766701800488	18.44958777920559	29.9838288164715	0.0
311.0	32.03821104163357	19.472323710774475	18.32642569353185	30.163039554060106	0.0
312.0	31.608938063323315	19.571152068407674	18.36434018950774	30.455569678761268	0.0
313.0	31.636169244439305	19.235409277091897	18.429930577127294	30.6984909013415	0.0
314.0	31.124952130465257	19.3205055022869	18.798817893451446	30.7557244737964	0.0
315.0	31.146285053483663	19.224486845909222	18.779271465741544	30.849956634865567	0.0
316.0	31.131577615684346	19.021318740105112	18.877458811962786	30.969644832247756	0.0
317.0	31.129060249327512	19.09004136175628	18.688716628583	31.092181760333208	0.0
318.0	30.96402274075253	19.14447321596482	18.822601877703356	31.0689021655793	0.0
319.0	31.04119340789721	19.07528250835588	18.972552197126443	30.910971886620466	0.0
320.0	31.240501932178365	19.05981792656275	19.029424109533526	30.67025603172536	0.0
321.0	31.477567211500872	18.887988070591984	19.081261853401475	30.55318286450567	0.0
322.0	31.398244953517334	18.827652118509082	19.24686495409656	30.527237973877032	0.0
323.0	31.521353408506602	18.73537995814051	19.505942164381775	30.23732446897111	0.0
324.0	31.411951348492863	18.49278847895221	20.0234709474584	30.07178922509653	0.0
325.0	31.161641413592456	18.46119287261871	19.953189423418333	30.423976290370497	0.0
326.0	30.946858782941465	18.424752848404026	20.3577537471371	30.270634621517413	0.0
327.0	30.66304150806598	18.40493021569694	20.371941272430668	30.56008700380642	0.0
328.0	30.95110311715815	18.523810214531267	20.238319722661405	30.28676694564918	0.0
329.0	31.002684466371615	18.59174345207865	20.331567873467314	30.07400420808242	0.0
330.0	30.9506702373954	18.92631380318898	20.090429430933252	30.03258652848237	0.0
331.0	31.101478948400164	18.995447714055455	19.797724583070142	30.105348754474235	0.0
332.0	31.364303249517	19.0584099591813	19.65471158176087	29.922575209540824	0.0
333.0	31.233378384269955	19.137201900858873	19.56155265873189	30.06786705613928	0.0
334.0	31.343739321987073	19.12336694559757	19.43380177245927	30.099091959956088	0.0
335.0	30.963879958686704	19.14231267183568	19.858021907685146	30.035785461792475	0.0
336.0	30.563560678834456	19.132972375047302	20.017174628125638	30.286292317992608	0.0
337.0	30.188940259929375	19.21948378171757	20.162364847646437	30.429211110706618	0.0
338.0	30.411312177637907	19.19748229740362	20.196258414197047	30.194947110761426	0.0
339.0	30.271731999941686	19.26833534994242	20.150298117993497	30.3096345321224	0.0
340.0	30.58651069167712	19.08457072843432	19.860556025555002	30.468362554333556	0.0
341.0	30.723085007006073	19.117088977113497	19.638165576833256	30.521660439047178	0.0
342.0	30.73861478690153	19.024771419390646	19.626529956474748	30.61008383723308	0.0
343.0	30.936198202148653	19.090111817583864	19.33786450339838	30.635825476869105	0.0
344.0	30.75235155575711	19.053818809520326	19.492678359835576	30.701151274886996	0.0
345.0	30.968242580418455	19.111553609862515	19.142300765750598	30.777903043968436	0.0
346.0	31.03711030516174	19.0702274975272	19.157416565922993	30.735245631388064	0.0
347.0	31.108047258299905	19.065394515866437	19.14533173947799	30.681226486355666	0.0
348.0	31.356006872549454	18.765143838935636	19.25048093161226	30.62836835690265	0.0
349.0	31.373082323191486	18.977190029183237	19.16904959680087	30.480678050824405	0.0
350.0	31.251610054097817	19.212453538438893	19.143267213778383	30.392669193684906	0.0
351.0	31.10665644714345	19.863952597134606	18.776899946937093	30.252491008784858	0.0
352.0	31.080492682818832	20.072618318413614	18.85050515486742	29.996383843900137	0.0
353.0	30.553707891741684	20.121058933085006	19.067890559176977	30.257342615996336	0.0
354.0	30.124547654463512	20.54111256651052	18.73247045415862	30.601869324867348	0.0
355.0	30.342415507621173	20.866523900913652	18.47976703000304	30.311293561462136	0.0
356.0	30.068342200752436	20.73714595252406	18.26688334335092	30.92762850337259	0.0
357.0	30.164911524484044	20.409194616407916	18.420446353589927	31.00544750551811	0.0
358.0	30.066021094000046	20.308743515120838	18.26484358136523	31.36039180951389	0.0
359.0	29.520344719617107	20.32533659365728	18.683743607329763	31.470575079395847	0.0
360.0	29.494990219355223	19.929370305663817	18.91024205229285	31.66539742268811	0.0
361.0	29.367721088180954	19.90485522585664	18.945179555841456	31.78224413012095	0.0
362.0	29.2874645006107	20.114197507736804	18.982713015068974	31.61562497658352	0.0
363.0	29.221632417091502	19.934829452882745	19.189272387359317	31.65426574266644	0.0
364.0	29.479481738973412	19.81475629392202	18.844897897762326	31.86086406934224	0.0
365.0	29.756608809735646	19.79626920814923	18.96988524120459	31.47723674091053	0.0
366.0	30.093110432600746	20.02781220714048	18.73998609389643	31.139091266362346	0.0
367.0	30.22054199843931	20.026819604069914	18.75932814618957	30.993310251301203	0.0
368.0	30.505500182326482	20.054394068311655	18.90877598152425	30.531329767837605	0.0
369.0	30.43415307001166	20.12482758095122	18.977145426418026	30.463873922619094	0.0
370.0	30.705838283298547	20.227965965644565	18.877905954483253	30.18828979657363	0.0
371.0	30.891976279430157	20.179361876778852	18.866752077084183	30.061909766706812	0.0
372.0	30.746599713497947	19.815622063739006	19.052386746969393	30.385391475793654	0.0
373.0	30.72210404177142	19.755559853026494	19.034616128408434	30.48771997679366	0.0
374.0	30.768334097496915	19.727854150962457	19.17921060607238	30.32460114546825	0.0
375.0	30.833398422244784	19.56963211747247	18.976802311958135	30.62016714832461	0.0
376.0	30.45183397910985	19.702602230483272	19.057349670300304	30.788214120106574	0.0
377.0	30.492879746835445	19.60363924050633	19.363132911392405	30.540348101265824	0.0
378.0	30.476630599333898	19.83490829123707	19.408633850174496	30.27982725925454	0.0
379.0	30.627294416284435	19.67273691228803	19.64060504309687	30.059363628330672	0.0
380.0	30.372453362291125	20.043274607368026	19.701291755133795	29.882980275207053	0.0
381.0	30.42496256106842	20.233389798607192	19.77675758394095	29.56489005638344	0.0
382.0	30.45428959305983	20.183106519651666	19.660772822091985	29.701831065196515	0.0
383.0	30.08863657327821	20.54993249532499	19.95622678216535	29.40520414923145	0.0
384.0	30.068311938000324	20.616934214667925	19.62500744370433	29.689746403627424	0.0
385.0	29.721343497726842	20.669328769728086	19.844768276028972	29.764559456516103	0.0
386.0	29.425896267093755	21.14785547088122	19.743395695101988	29.682852566923035	0.0
387.0	29.435650131765296	21.05824563919614	19.61062010361951	29.895484125419046	0.0
388.0	29.191346778844835	20.62784374399209	19.71784566652324	30.462963810639838	0.0
389.0	29.008334113681055	20.64706433186628	20.075849798670287	30.268751755782375	0.0
390.0	28.767976989453498	20.366251198465964	20.11025886864813	30.755512943432407	0.0
391.0	28.60616202382124	20.069888768579585	20.566000590609313	30.75794861698986	0.0
392.0	28.504578235151122	19.986224779191314	20.557491289198605	30.95170569645896	0.0
393.0	28.632304558984806	19.57909029192125	20.647553397044234	31.141051752049716	0.0
394.0	28.596130984545553	19.67037717497028	20.75218847941208	30.981303361072083	0.0
395.0	28.437535076888537	19.4735660567965	21.036030979907956	31.052867886407004	0.0
396.0	28.609907483311865	19.157981028223446	21.370183862278953	30.861927626185736	0.0
397.0	28.27237964506324	19.26659476419257	21.531522698303757	30.929502892440436	0.0
398.0	28.2780024209957	19.643547016251578	21.496638936822315	30.58181162593041	0.0
399.0	28.493322090144986	19.51418545820526	21.474036395288742	30.518456056361014	0.0
400.0	27.84213031749924	19.51156181930961	22.190326442883315	30.455981420307833	0.0
401.0	27.65276773766861	19.541043111801528	22.506421397480658	30.2997677530492	0.0
402.0	28.004428361341066	19.54592772517722	22.809365653761628	29.640278259720088	0.0
403.0	28.402725748332085	19.54404366905705	22.45353027221806	29.599700310392805	0.0
404.0	28.23687699867405	19.949691911707355	22.960377505654787	28.85305358396381	0.0
405.0	28.944652302928652	20.113533737582248	22.7411516793532	28.200662280135898	0.0
406.0	29.400605158253683	19.751693002257337	22.87354113635272	27.97416070313626	0.0
407.0	30.295333567510607	20.08970790888703	22.005458131805778	27.609500391796587	0.0
408.0	30.830685708997812	20.003701533051604	21.768098954316915	27.39751380363367	0.0
409.0	31.562655660713013	20.024194122251476	21.810289617875185	26.602860599160323	0.0
410.0	32.098052162429845	20.134532849125122	21.863651370089137	25.90376361835589	0.0
411.0	31.988179439976744	19.93992830152117	21.872880534831896	26.199011723670186	0.0
412.0	32.32996978507497	20.1071774699276	22.02268969842084	25.54016304657659	0.0
413.0	31.67488017282117	20.914061972591643	21.811921960440152	25.599135894147036	0.0
414.0	31.707512413903572	20.91142079128624	22.593304501041167	24.78776229376902	0.0
415.0	32.561698871245454	20.901090491677827	21.819399273005548	24.717811364071167	0.0
416.0	32.29130485122148	21.6394581451893	21.998379066805605	24.070857936783604	0.0
417.0	31.673052362707537	22.974315311480062	21.938413509294737	23.414218816517668	0.0
418.0	31.854060691106824	21.94351868093317	22.487282932818804	23.715137695141202	0.0
419.0	31.338178708849934	22.466866182129113	22.359982898674645	23.834972210346304	0.0
420.0	31.342105263157894	21.894736842105264	22.078947368421055	24.684210526315788	0.0
421.0	29.66183574879227	21.86795491143317	24.508856682769725	23.96135265700483	0.0
422.0	30.18069973087274	21.376393694732794	23.45251826220684	24.99038831218762	0.0
423.0	29.972247918593897	22.109158186864015	23.311748381128584	24.606845513413507	0.0
424.0	28.53333333333333	21.386666666666667	24.64	25.44	0.0
425.0	31.630170316301705	22.99270072992701	20.012165450121657	25.364963503649633	0.0
426.0	28.688524590163933	22.472677595628415	21.721311475409834	27.117486338797814	0.0
427.0	26.56132430398796	22.799097065462753	22.422874341610232	28.216704288939056	0.0
428.0	31.99343724364233	19.44216570959803	21.821164889253485	26.743232157506153	0.0
429.0	30.238726790450926	22.546419098143236	19.18656056587091	28.028293545534925	0.0
430.0	26.824644549763033	24.549763033175356	18.388625592417064	30.23696682464455	0.0
431.0	31.648129423660265	23.25581395348837	19.009100101112235	26.08695652173913	0.0
432.0	30.636461704422867	24.487594390507013	15.210355987055015	29.665587918015103	0.0
433.0	31.95402298850575	22.64367816091954	14.827586206896552	30.574712643678158	0.0
434.0	30.386052303860524	24.408468244084684	15.81569115815691	29.389788293897883	0.0
435.0	33.68283093053736	24.246395806028833	13.892529488859765	28.178243774574053	0.0
436.0	31.08665749656121	24.896836313617605	15.680880330123797	28.335625859697387	0.0
437.0	31.982633863965265	25.470332850940665	14.182344428364688	28.364688856729376	0.0
438.0	31.132075471698112	22.955974842767297	14.622641509433961	31.289308176100626	0.0
439.0	28.642384105960268	25.0	14.23841059602649	32.11920529801324	0.0
440.0	32.37410071942446	22.48201438848921	14.388489208633093	30.755395683453234	0.0
441.0	32.239382239382245	26.254826254826252	12.355212355212355	29.150579150579148	0.0
442.0	35.56485355648535	21.338912133891213	12.761506276150628	30.334728033472803	0.0
443.0	31.627906976744185	24.418604651162788	16.046511627906977	27.906976744186046	0.0
444.0	32.581453634085214	27.819548872180448	13.283208020050125	26.31578947368421	0.0
445.0	31.43631436314363	22.76422764227642	12.466124661246612	33.33333333333333	0.0
446.0	29.464285714285715	20.238095238095237	16.36904761904762	33.92857142857143	0.0
447.0	36.84210526315789	20.394736842105264	16.11842105263158	26.644736842105267	0.0
448.0	34.26573426573427	20.97902097902098	16.783216783216783	27.972027972027973	0.0
449.0	33.72093023255814	21.31782945736434	15.11627906976744	29.844961240310074	0.0
450.0	27.27272727272727	23.553719008264462	21.90082644628099	27.27272727272727	0.0
451.0	29.955947136563875	23.788546255506606	13.656387665198238	32.59911894273127	0.0
452.0	30.660377358490564	16.9811320754717	18.867924528301888	33.490566037735846	0.0
453.0	29.64824120603015	23.115577889447238	17.08542713567839	30.15075376884422	0.0
454.0	33.5195530726257	20.11173184357542	17.877094972067038	28.49162011173184	0.0
455.0	25.595238095238095	19.642857142857142	21.428571428571427	33.33333333333333	0.0
456.0	30.81761006289308	21.38364779874214	18.867924528301888	28.930817610062892	0.0
457.0	34.41558441558442	22.07792207792208	14.285714285714285	29.22077922077922	0.0
458.0	29.655172413793103	15.862068965517242	21.379310344827587	33.10344827586207	0.0
459.0	30.714285714285715	18.571428571428573	22.857142857142858	27.857142857142858	0.0
460.0	27.27272727272727	19.696969696969695	19.696969696969695	33.33333333333333	0.0
461.0	24.0	20.8	23.200000000000003	32.0	0.0
462.0	26.666666666666668	19.166666666666668	22.5	31.666666666666664	0.0
463.0	29.66101694915254	16.94915254237288	16.101694915254235	37.28813559322034	0.0
464.0	38.18181818181819	16.363636363636363	16.363636363636363	29.09090909090909	0.0
465.0	23.58490566037736	21.69811320754717	14.150943396226415	40.56603773584906	0.0
466.0	38.23529411764706	17.647058823529413	14.705882352941178	29.411764705882355	0.0
467.0	34.69387755102041	10.204081632653061	17.346938775510203	37.755102040816325	0.0
468.0	39.361702127659576	15.957446808510639	17.02127659574468	27.659574468085108	0.0
469.0	40.44943820224719	16.853932584269664	13.48314606741573	29.213483146067414	0.0
470.0	28.735632183908045	19.54022988505747	25.287356321839084	26.436781609195403	0.0
471.0	34.523809523809526	17.857142857142858	20.238095238095237	27.380952380952383	0.0
472.0	36.904761904761905	17.857142857142858	15.476190476190476	29.761904761904763	0.0
473.0	36.58536585365854	26.82926829268293	15.853658536585366	20.73170731707317	0.0
474.0	32.89473684210527	27.631578947368425	19.736842105263158	19.736842105263158	0.0
475.0	33.78378378378378	22.972972972972975	21.62162162162162	21.62162162162162	0.0
476.0	47.22222222222222	19.444444444444446	19.444444444444446	13.88888888888889	0.0
477.0	33.82352941176471	22.058823529411764	8.823529411764707	35.294117647058826	0.0
478.0	34.92063492063492	26.984126984126984	17.46031746031746	20.634920634920633	0.0
479.0	43.103448275862064	24.137931034482758	10.344827586206897	22.413793103448278	0.0
480.0	35.714285714285715	16.071428571428573	26.785714285714285	21.428571428571427	0.0
481.0	30.0	24.0	14.000000000000002	32.0	0.0
482.0	34.69387755102041	20.408163265306122	14.285714285714285	30.612244897959183	0.0
483.0	31.818181818181817	15.909090909090908	15.909090909090908	36.36363636363637	0.0
484.0	29.268292682926827	19.51219512195122	21.951219512195124	29.268292682926827	0.0
485.0	29.72972972972973	13.513513513513514	8.108108108108109	48.64864864864865	0.0
486.0	28.125	15.625	28.125	28.125	0.0
487.0	24.137931034482758	17.24137931034483	24.137931034482758	34.48275862068966	0.0
488.0	27.586206896551722	20.689655172413794	27.586206896551722	24.137931034482758	0.0
489.0	20.0	24.0	28.000000000000004	28.000000000000004	0.0
490.0	27.27272727272727	27.27272727272727	22.727272727272727	22.727272727272727	0.0
491.0	21.052631578947366	26.31578947368421	26.31578947368421	26.31578947368421	0.0
492.0	40.0	20.0	13.333333333333334	26.666666666666668	0.0
493.0	15.384615384615385	30.76923076923077	38.46153846153847	15.384615384615385	0.0
494.0	11.11111111111111	11.11111111111111	33.33333333333333	44.44444444444444	0.0
495.0	25.0	12.5	25.0	37.5	0.0
496.0	0.0	25.0	37.5	37.5	0.0
497.0	16.666666666666664	0.0	50.0	33.33333333333333	0.0
498.0	25.0	50.0	25.0	0.0	0.0
499.0	25.0	25.0	0.0	50.0	0.0
500.0	0.0	100.0	0.0	0.0	0.0
501.0	NaN	NaN	NaN	NaN	NaN
502.0	NaN	NaN	NaN	NaN	NaN
