#Coverage	Number of genomic locations
0.0	164.0
1.0	270.0
3.0	34.0
4.0	17.0
5.0	29.0
6.0	5.0
7.0	17.0
8.0	61.0
9.0	145.0
10.0	67.0
11.0	20.0
12.0	83.0
13.0	67.0
14.0	182.0
15.0	48.0
16.0	11.0
17.0	20.0
18.0	30.0
19.0	82.0
20.0	28.0
21.0	26.0
22.0	6.0
23.0	30.0
24.0	166.0
25.0	75.0
26.0	62.0
27.0	137.0
28.0	84.0
29.0	183.0
30.0	34.0
31.0	89.0
32.0	178.0
33.0	121.0
34.0	73.0
35.0	173.0
36.0	141.0
37.0	236.0
38.0	75.0
39.0	97.0
40.0	28.0
41.0	56.0
42.0	120.0
43.0	178.0
44.0	165.0
45.0	31.0
46.0	67.0
47.0	28.0
48.0	47.0
49.0	13.0
50.0	36.0
51.0	20.0
52.0	11.0
53.0	5.0
54.0	1.0
55.0	12.0
56.0	7.0
58.0	18.0
59.0	18.0
60.0	14.0
61.0	19.0
62.0	19.0
63.0	7.0
64.0	46.0
65.0	210.0
66.0	68.0
67.0	70.0
68.0	36.0
69.0	70.0
70.0	46.0
71.0	68.0
72.0	207.0
73.0	93.0
74.0	50.0
75.0	27.0
76.0	44.0
77.0	97.0
78.0	94.0
79.0	83.0
80.0	44.0
81.0	97.0
82.0	123.0
83.0	30.0
84.0	4.0
85.0	4.0
86.0	24.0
87.0	49.0
88.0	64.0
89.0	39.0
90.0	25.0
91.0	29.0
92.0	94.0
93.0	182.0
94.0	291.0
95.0	172.0
96.0	297.0
97.0	173.0
98.0	102.0
99.0	26.0
100.0	35.0
101.0	53.0
102.0	89.0
103.0	59.0
104.0	53.0
105.0	31.0
106.0	54.0
107.0	29.0
108.0	26.0
109.0	95.0
110.0	65.0
111.0	30.0
112.0	105.0
113.0	114.0
114.0	133.0
115.0	100.0
116.0	218.0
117.0	96.0
118.0	88.0
119.0	95.0
120.0	106.0
121.0	137.0
122.0	180.0
123.0	169.0
124.0	58.0
125.0	83.0
126.0	117.0
127.0	77.0
128.0	71.0
129.0	61.0
130.0	72.0
131.0	113.0
132.0	97.0
133.0	53.0
134.0	41.0
135.0	58.0
136.0	102.0
137.0	74.0
138.0	66.0
139.0	99.0
140.0	94.0
141.0	94.0
142.0	46.0
143.0	64.0
144.0	18.0
145.0	69.0
146.0	103.0
147.0	102.0
148.0	114.0
149.0	166.0
150.0	79.0
151.0	51.0
152.0	29.0
153.0	50.0
154.0	48.0
155.0	57.0
156.0	66.0
157.0	111.0
158.0	133.0
159.0	181.0
160.0	109.0
161.0	69.0
162.0	64.0
163.0	34.0
164.0	37.0
165.0	50.0
166.0	42.0
167.0	24.0
168.0	14.0
169.0	24.0
170.0	17.0
171.0	23.0
172.0	24.0
173.0	20.0
174.0	47.0
175.0	52.0
176.0	129.0
177.0	156.0
178.0	284.0
179.0	203.0
180.0	64.0
181.0	59.0
182.0	50.0
183.0	59.0
184.0	69.0
185.0	70.0
186.0	52.0
187.0	98.0
188.0	86.0
189.0	109.0
190.0	40.0
191.0	18.0
192.0	34.0
193.0	30.0
194.0	25.0
195.0	8.0
196.0	36.0
197.0	23.0
198.0	25.0
199.0	28.0
200.0	37.0
201.0	66.0
202.0	102.0
203.0	112.0
204.0	103.0
205.0	43.0
206.0	65.0
207.0	112.0
208.0	60.0
209.0	72.0
210.0	13.0
211.0	22.0
212.0	78.0
213.0	138.0
214.0	48.0
215.0	44.0
216.0	17.0
217.0	44.0
218.0	33.0
219.0	155.0
220.0	60.0
221.0	86.0
222.0	53.0
223.0	53.0
224.0	87.0
225.0	100.0
226.0	104.0
227.0	30.0
228.0	66.0
229.0	141.0
230.0	137.0
231.0	148.0
232.0	141.0
233.0	83.0
234.0	104.0
235.0	43.0
236.0	20.0
237.0	31.0
238.0	28.0
239.0	33.0
240.0	31.0
241.0	24.0
242.0	31.0
243.0	28.0
244.0	72.0
245.0	109.0
246.0	148.0
247.0	40.0
248.0	68.0
249.0	41.0
250.0	107.0
251.0	50.0
252.0	32.0
253.0	25.0
254.0	28.0
255.0	15.0
256.0	10.0
257.0	6.0
258.0	5.0
259.0	11.0
260.0	16.0
261.0	43.0
262.0	15.0
263.0	48.0
264.0	49.0
265.0	72.0
266.0	29.0
267.0	3.0
268.0	3.0
270.0	5.0
271.0	7.0
272.0	9.0
273.0	1.0
275.0	2.0
276.0	3.0
277.0	3.0
278.0	1.0
279.0	2.0
280.0	24.0
281.0	44.0
282.0	26.0
283.0	85.0
284.0	88.0
285.0	90.0
286.0	52.0
287.0	44.0
288.0	6.0
289.0	21.0
290.0	34.0
291.0	46.0
292.0	92.0
293.0	74.0
294.0	33.0
295.0	26.0
296.0	39.0
297.0	41.0
298.0	58.0
299.0	76.0
300.0	30.0
301.0	63.0
302.0	32.0
303.0	9.0
304.0	23.0
305.0	101.0
306.0	39.0
307.0	43.0
308.0	22.0
309.0	4.0
310.0	1.0
311.0	2.0
312.0	3.0
313.0	23.0
314.0	34.0
315.0	23.0
316.0	23.0
317.0	3.0
318.0	5.0
319.0	10.0
320.0	37.0
321.0	54.0
322.0	94.0
323.0	19.0
324.0	24.0
325.0	28.0
326.0	2.0
327.0	9.0
328.0	28.0
329.0	23.0
330.0	40.0
331.0	55.0
332.0	14.0
333.0	29.0
334.0	28.0
335.0	52.0
336.0	116.0
337.0	42.0
338.0	26.0
339.0	43.0
340.0	15.0
341.0	29.0
342.0	7.0
343.0	7.0
344.0	3.0
345.0	11.0
346.0	6.0
347.0	17.0
348.0	32.0
349.0	87.0
350.0	120.0
351.0	114.0
352.0	24.0
353.0	35.0
354.0	51.0
355.0	4.0
356.0	2.0
357.0	17.0
358.0	11.0
359.0	39.0
360.0	32.0
361.0	85.0
362.0	75.0
363.0	56.0
364.0	55.0
365.0	37.0
366.0	22.0
367.0	6.0
368.0	19.0
369.0	8.0
370.0	29.0
371.0	16.0
372.0	8.0
373.0	4.0
374.0	8.0
375.0	8.0
376.0	12.0
377.0	35.0
378.0	60.0
379.0	39.0
380.0	109.0
381.0	18.0
382.0	23.0
383.0	13.0
384.0	10.0
385.0	5.0
386.0	7.0
387.0	19.0
388.0	17.0
389.0	52.0
390.0	43.0
391.0	63.0
392.0	65.0
393.0	32.0
394.0	57.0
395.0	37.0
396.0	6.0
397.0	16.0
398.0	12.0
399.0	13.0
400.0	14.0
401.0	11.0
402.0	9.0
403.0	9.0
404.0	4.0
405.0	1.0
407.0	1.0
408.0	2.0
409.0	6.0
410.0	1.0
411.0	4.0
412.0	11.0
413.0	3.0
414.0	8.0
415.0	4.0
418.0	6.0
419.0	25.0
420.0	23.0
421.0	11.0
422.0	14.0
423.0	6.0
424.0	10.0
425.0	17.0
426.0	24.0
427.0	12.0
428.0	2.0
429.0	10.0
430.0	11.0
431.0	9.0
432.0	34.0
433.0	37.0
434.0	47.0
435.0	59.0
436.0	30.0
437.0	31.0
438.0	22.0
439.0	18.0
440.0	29.0
441.0	25.0
442.0	24.0
443.0	45.0
444.0	58.0
445.0	103.0
446.0	54.0
447.0	16.0
448.0	27.0
449.0	49.0
450.0	46.0
451.0	28.0
452.0	26.0
453.0	13.0
454.0	10.0
455.0	2.0
456.0	6.0
457.0	3.0
458.0	2.0
459.0	4.0
460.0	6.0
461.0	9.0
462.0	4.0
463.0	7.0
464.0	3.0
465.0	13.0
466.0	9.0
467.0	46.0
468.0	20.0
469.0	66.0
470.0	43.0
471.0	12.0
472.0	15.0
473.0	2.0
474.0	5.0
475.0	6.0
476.0	4.0
477.0	2.0
478.0	15.0
479.0	28.0
480.0	15.0
481.0	5.0
482.0	4.0
483.0	23.0
484.0	14.0
485.0	27.0
486.0	15.0
487.0	13.0
488.0	20.0
489.0	29.0
490.0	16.0
491.0	44.0
492.0	51.0
493.0	19.0
494.0	11.0
495.0	15.0
496.0	25.0
497.0	16.0
498.0	15.0
499.0	3.0
500.0	5.0
501.0	3.0
502.0	3.0
503.0	22.0
504.0	13.0
505.0	16.0
506.0	6.0
507.0	38.0
508.0	29.0
509.0	87.0
510.0	27.0
511.0	87.0
512.0	40.0
513.0	11.0
514.0	1.0
515.0	4.0
516.0	36.0
517.0	20.0
518.0	16.0
519.0	19.0
520.0	11.0
521.0	17.0
522.0	29.0
523.0	34.0
524.0	17.0
525.0	17.0
526.0	31.0
527.0	15.0
528.0	9.0
529.0	16.0
530.0	15.0
531.0	4.0
532.0	11.0
533.0	9.0
534.0	2.0
535.0	9.0
536.0	12.0
537.0	5.0
538.0	12.0
539.0	20.0
540.0	6.0
541.0	13.0
542.0	6.0
543.0	1.0
544.0	13.0
545.0	23.0
546.0	24.0
547.0	31.0
548.0	22.0
549.0	25.0
550.0	19.0
551.0	9.0
552.0	12.0
553.0	13.0
554.0	22.0
555.0	4.0
556.0	5.0
557.0	6.0
558.0	3.0
559.0	5.0
560.0	3.0
561.0	4.0
562.0	5.0
563.0	8.0
564.0	6.0
566.0	1.0
569.0	2.0
570.0	3.0
571.0	11.0
572.0	2.0
573.0	2.0
574.0	10.0
575.0	3.0
576.0	6.0
577.0	4.0
578.0	14.0
579.0	11.0
584.0	3.0
585.0	1.0
587.0	2.0
589.0	2.0
591.0	2.0
593.0	1.0
594.0	2.0
598.0	1.0
600.0	2.0
601.0	1.0
602.0	2.0
603.0	5.0
604.0	10.0
605.0	10.0
606.0	14.0
607.0	1.0
608.0	12.0
609.0	8.0
610.0	9.0
611.0	3.0
612.0	8.0
613.0	4.0
614.0	15.0
615.0	8.0
616.0	15.0
617.0	11.0
618.0	18.0
619.0	3.0
620.0	5.0
621.0	9.0
622.0	11.0
623.0	58.0
624.0	87.0
625.0	69.0
626.0	103.0
627.0	59.0
628.0	55.0
629.0	32.0
630.0	7.0
631.0	14.0
632.0	9.0
633.0	17.0
634.0	15.0
635.0	12.0
636.0	14.0
637.0	14.0
638.0	9.0
639.0	10.0
640.0	15.0
641.0	13.0
642.0	4.0
643.0	1.0
644.0	9.0
645.0	1.0
648.0	2.0
649.0	5.0
650.0	12.0
651.0	6.0
652.0	15.0
653.0	56.0
654.0	48.0
655.0	58.0
656.0	58.0
657.0	65.0
658.0	31.0
659.0	40.0
660.0	73.0
661.0	17.0
662.0	3.0
663.0	6.0
665.0	1.0
666.0	1.0
667.0	1.0
670.0	2.0
673.0	1.0
674.0	1.0
677.0	1.0
679.0	1.0
680.0	12.0
681.0	28.0
682.0	2.0
683.0	1.0
684.0	2.0
685.0	3.0
686.0	2.0
687.0	22.0
688.0	9.0
689.0	17.0
690.0	47.0
693.0	1.0
696.0	2.0
697.0	2.0
698.0	9.0
699.0	26.0
700.0	13.0
701.0	21.0
705.0	1.0
708.0	4.0
709.0	1.0
710.0	1.0
721.0	1.0
724.0	3.0
725.0	7.0
726.0	4.0
735.0	2.0
737.0	2.0
738.0	4.0
739.0	6.0
740.0	32.0
741.0	55.0
742.0	52.0
743.0	39.0
744.0	36.0
745.0	12.0
746.0	6.0
747.0	8.0
748.0	2.0
749.0	1.0
750.0	8.0
751.0	11.0
752.0	19.0
753.0	29.0
754.0	61.0
755.0	42.0
756.0	29.0
757.0	14.0
758.0	18.0
759.0	21.0
760.0	33.0
761.0	5.0
762.0	15.0
763.0	6.0
764.0	10.0
765.0	5.0
766.0	3.0
767.0	7.0
768.0	1.0
769.0	6.0
770.0	7.0
771.0	4.0
772.0	2.0
773.0	6.0
774.0	19.0
775.0	7.0
776.0	2.0
777.0	4.0
778.0	1.0
779.0	6.0
780.0	1.0
781.0	9.0
782.0	6.0
783.0	2.0
784.0	2.0
785.0	19.0
786.0	26.0
787.0	7.0
788.0	6.0
789.0	5.0
790.0	2.0
793.0	1.0
795.0	1.0
799.0	1.0
804.0	2.0
805.0	2.0
806.0	1.0
807.0	8.0
808.0	20.0
809.0	29.0
810.0	36.0
811.0	39.0
812.0	42.0
813.0	25.0
814.0	1.0
815.0	1.0
830.0	1.0
831.0	2.0
832.0	5.0
833.0	4.0
834.0	80.0
835.0	33.0
836.0	45.0
837.0	24.0
838.0	11.0
839.0	12.0
861.0	11.0
862.0	2.0
863.0	7.0
864.0	2.0
865.0	2.0
866.0	4.0
867.0	1.0
868.0	4.0
869.0	23.0
870.0	13.0
871.0	11.0
872.0	1.0
873.0	2.0
874.0	12.0
875.0	26.0
876.0	11.0
877.0	12.0
878.0	28.0
879.0	14.0
880.0	16.0
881.0	6.0
882.0	1.0
898.0	1.0
900.0	3.0
901.0	9.0
902.0	19.0
903.0	20.0
904.0	27.0
905.0	25.0
906.0	26.0
907.0	26.0
908.0	45.0
909.0	8.0
981.0	2.0
982.0	1.0
984.0	2.0
985.0	4.0
1042.0	2.0
1043.0	2.0
1044.0	1.0
1045.0	5.0
1046.0	12.0
1047.0	11.0
1048.0	20.0
1049.0	12.0
1050.0	15.0
1051.0	28.0
1052.0	15.0
1053.0	56.0
1054.0	30.0
1055.0	5.0
1110.0	1.0
1112.0	3.0
1113.0	1.0
1114.0	15.0
1115.0	10.0
1116.0	22.0
1117.0	3.0
1118.0	4.0
1119.0	49.0
1120.0	29.0
1121.0	15.0
1131.0	1.0
1132.0	2.0
1133.0	1.0
1134.0	8.0
1135.0	12.0
1136.0	9.0
1137.0	12.0
1138.0	26.0
1139.0	43.0
1140.0	28.0
1141.0	2.0
1143.0	3.0
1144.0	2.0
1145.0	5.0
1146.0	11.0
1148.0	5.0
1149.0	4.0
1150.0	1.0
1153.0	1.0
1162.0	1.0
1163.0	3.0
1164.0	11.0
1165.0	17.0
1166.0	14.0
1167.0	3.0
1175.0	1.0
1178.0	3.0
1179.0	1.0
1180.0	8.0
1181.0	12.0
1275.0	1.0
1276.0	2.0
1277.0	1.0
1278.0	1.0
1280.0	3.0
