# Position (bp)	A	C	G	T	N
0.0	39.40298507462687	22.867145752717892	14.424175419200294	23.305693753454946	0.0
1.0	20.772377197184653	29.583225854000073	33.6735821940524	15.970814754762868	0.0
2.0	30.06040070713023	21.674278137890397	15.365350618738951	32.899970536240424	0.0
3.0	28.39419820350464	28.62612280960094	20.799587689589163	22.180091297305257	0.0
4.0	30.82330425821648	18.416694269625705	19.86676971771374	30.893231754444077	0.0
5.0	30.654356861735387	24.14021407290249	16.59248905727002	28.612940008092103	0.0
6.0	26.023316538560554	16.696701114339305	25.97918428891913	31.300798058181016	0.0
7.0	33.281847602235956	18.354663136216534	16.898352456604883	31.465136804942627	0.0
8.0	24.705795822300676	26.967490438364223	20.649455722271256	27.677258017063842	0.0
9.0	25.555228710104426	20.25297837917341	21.24944844830122	32.94234446242094	0.0
10.0	24.89153614236341	22.73328921244209	17.310096330612545	35.06507831458195	0.0
11.0	28.416525766375067	15.750202161287952	23.71903256634566	32.11423950599133	0.0
12.0	26.18330148463913	20.641628693223577	21.001763927678965	32.17330589445832	0.0
13.0	26.791288699548275	21.814976679275773	23.706342502478975	27.68739211869698	0.0
14.0	21.18541368293489	25.86023282288568	19.38599390400646	33.56835959017296	0.0
15.0	25.451475554250475	27.05916899133754	23.00323006900602	24.48612538540596	0.0
16.0	26.80366972477064	17.658715596330275	28.176146788990824	27.36146788990826	0.0
17.0	27.526298427592273	20.18839570428472	21.720485283876407	30.5648205842466	0.0
18.0	25.91438833101224	22.861540716851135	21.454225610203036	29.769845341933593	0.0
19.0	27.616747181964573	21.01815253989167	23.95330112721417	27.411799150929582	0.0
20.0	21.623006000292698	27.026928142836237	24.20240011707888	27.14766573979219	0.0
21.0	28.820052539404557	24.0915061295972	20.417396380618797	26.671044950379454	0.0
22.0	35.46471381207418	19.973038947790286	17.73235690603709	26.829890334098444	0.0
23.0	28.708255945227428	21.33362467679085	21.038639426053386	28.919479951928327	0.0
24.0	34.012664677196305	13.407089307809883	18.658563214207728	33.92168280078609	0.0
25.0	26.331490104772993	18.70998253783469	17.345750873108265	37.61277648428405	0.0
26.0	30.608088449228976	17.104306080884495	15.220395693919114	37.06720977596741	0.0
27.0	25.423667175794602	23.97265255654957	20.059640701141902	30.54403956651393	0.0
28.0	30.04035923353816	18.51434388975748	15.369232447369377	36.076064429334984	0.0
29.0	32.29969463428821	13.792351315980806	22.37894430711066	31.529009742620328	0.0
30.0	30.661868934685423	17.471740631701376	18.776578344782465	33.08981208883073	0.0
31.0	34.32526705908001	14.399389579245694	20.790640215100648	30.48470314657365	0.0
32.0	29.956043157627054	22.991971518872383	15.181458204671777	31.870527118828782	0.0
33.0	25.212526338734286	25.270653200610333	20.28627479473952	29.230545665915862	0.0
34.0	33.97496200882843	15.178377596063392	21.738186554743468	29.108473840364713	0.0
35.0	22.40942945983079	26.24918649215417	17.22828837949237	34.11309566852267	0.0
36.0	28.748012143993062	17.706375596356803	14.616163076478243	38.9294491831719	0.0
37.0	28.606021178936714	23.40525497849579	19.473056489211753	28.515667353355738	0.0
38.0	36.5420054200542	21.14182475158085	15.649503161698282	26.666666666666668	0.0
39.0	32.58686700859641	19.417756266705194	12.183052806472586	35.81232391822582	0.0
40.0	28.597745990463807	21.77792226556856	18.617251842219332	31.007079901748302	0.0
41.0	26.52147217105501	15.700509264275652	23.794560624119622	33.98345794054972	0.0
42.0	35.36210944554813	16.70940942748781	16.850279934982844	31.07820119198122	0.0
43.0	39.357705368109244	14.69546998049274	15.00614117477061	30.940683476627413	0.0
44.0	31.64625555435136	25.295328925978104	12.719916187998988	30.338499331671542	0.0
45.0	35.09643271461717	15.893271461716937	16.339182134570766	32.67111368909513	0.0
46.0	25.52179752441105	15.07495734872409	18.860938691059566	40.542306435805294	0.0
47.0	35.753195816385826	19.076844857640907	16.175188843695526	28.9911388727484	0.0036316095293434047
48.0	33.862299368145834	19.09361609412448	17.03827438448689	30.00581015324279	0.0
49.0	39.00588192578607	14.958971752232952	16.01917072108053	30.01597560090044	0.0
50.0	34.099491648511254	15.508351488743646	20.55918663761801	29.832970225127088	0.0
51.0	32.55146871936386	21.230165934425038	17.225227842126284	28.99313750408482	0.0
52.0	29.718933836879945	17.557556830561406	24.14844941535333	28.575059917205316	0.0
53.0	29.58457404314039	18.258406565473166	19.721838913501344	32.435180477885105	0.0
54.0	29.616180689204402	27.393877773339625	14.187152765169397	28.802788772286576	0.0
55.0	32.68944482771141	20.70367815257253	15.144693366253946	31.462183653462112	0.0
56.0	24.597901463166686	21.293976690992267	16.987982427477036	37.12013941836401	0.0
57.0	33.776325344952795	21.372549019607842	20.312273057371097	24.538852578068266	0.0
58.0	30.87509077705156	24.767610748002905	14.099491648511256	30.257806826434276	0.0
59.0	30.291586477359385	19.24180253458731	20.05882566541995	30.40778532263336	0.0
60.0	25.40034133410799	18.31221177239551	20.96299793020807	35.32444896328843	0.0
61.0	33.85257806826434	15.693536673928833	18.576615831517792	31.877269426289033	0.0
62.0	35.19116952906576	22.127010638684144	16.168621328201592	26.513198504048507	0.0
63.0	34.65267438904826	21.76912741929627	18.827844148298777	24.750354043356694	0.0
64.0	29.105832788552334	23.77061088109247	19.434154136703714	27.689402193651485	0.0
65.0	26.55262584441055	20.879639718166633	23.04786809036101	29.519866347061814	0.0
66.0	30.142011404496422	19.04260342134893	23.02691315875495	27.7884720153997	0.0
67.0	32.31149208194101	18.338660467819263	13.809385442394303	35.54046200784541	0.0
68.0	28.291265661884875	17.584891955692754	18.725258761576175	35.398583620846196	0.0
69.0	30.775098067703038	16.744152259189306	24.687636205143107	27.793113467964552	0.0
70.0	30.400987941304663	21.131773935783816	23.91399099229987	24.553247130611652	0.0
71.0	33.45319821292361	27.129417747266714	14.699792960662524	24.717591079147144	0.0
72.0	34.79856141243143	26.167036001017184	13.699277073418825	25.33512551313256	0.0
73.0	39.635253941727825	12.668022960110441	25.24522269853956	22.451500399622176	0.0
74.0	26.93816755067936	22.08094165516239	21.274431446632274	29.706459347525975	0.0
75.0	33.1359441982126	17.430792705078836	18.58969701373247	30.843566082976093	0.0
76.0	28.175972681367384	21.273658589748248	17.92058705997748	32.629781668906894	0.0
77.0	28.934655479277904	17.311394428099234	17.02444517089826	36.729504921724605	0.0
78.0	28.79662925429516	14.728851113290473	23.184773528022955	33.28974610439141	0.0
79.0	26.510969054191484	28.712044166787738	17.873746912683423	26.90323986633735	0.0
80.0	27.10762413279576	22.527332824815662	16.879154407758527	33.48588863463005	0.0
81.0	19.447068226404127	22.505994332630966	20.4570224515004	37.5899149894645	0.0
82.0	37.70890858886789	15.749891004214502	19.673739282081094	26.867461124836506	0.0
83.0	29.463279915694613	17.086376685199316	19.855372651622517	33.59497074748356	0.0
84.0	28.087070281270442	20.27036848608184	14.499600261646922	37.1429609710008	0.0
85.0	32.170373600814074	14.653292629742696	22.107137665358337	31.069196104084895	0.0
86.0	30.392121234146163	17.41105498419159	21.186902642003126	31.00992113965912	0.0
87.0	28.94631628684622	14.062443208664996	24.850070875586088	32.1411696289027	0.0
88.0	36.032859583439354	23.208898258878268	11.897059358074952	28.861182799607434	0.0
89.0	34.32092482187	17.10411516649702	15.762687218263777	32.8122727933692	0.0
90.0	32.46328340846299	15.904464155881925	20.564926566816926	31.067325868838157	0.0
91.0	29.42994255798735	15.796553479240893	16.250999781865776	38.52250418090598	0.0
92.0	27.92219596437012	21.00345391746955	16.273404835484456	34.800945282675876	0.0
93.0	34.101650548971136	19.08674471024504	17.3198574856395	29.49174725514433	0.0
94.0	34.706417015088164	17.78222141428831	15.309943646609709	32.20141792401382	0.0
95.0	37.603170563211286	16.500018179834928	18.907028324182818	26.98978293277097	0.0
96.0	29.150607228565196	19.664024434586576	19.30768671369355	31.87768162315468	0.0
97.0	34.01818181818182	18.847272727272728	16.05090909090909	31.083636363636362	0.0
98.0	31.63387759554893	19.757082075711843	18.178842867013344	30.430197461725882	0.0
99.0	32.237535910396744	21.5171460780392	19.004327430088367	27.24099058147569	0.0
100.0	35.629341382696296	18.318362003127614	13.736043932065318	32.31625268211077	0.0
101.0	30.877218504509745	20.777567646203085	18.77727669479197	29.5679371544952	0.0
102.0	35.556848767003714	15.868916854586454	17.043718629519166	31.530515748890668	0.0
103.0	26.511238815741617	24.474430784898523	16.865497926820396	32.14519531534153	0.0036371571979340947
104.0	34.42819729375818	10.890440855521605	19.813036519714828	34.86468790920995	0.003637421795431398
105.0	27.78161713890809	21.1108282108173	17.433528534536062	33.674026115738556	0.0
106.0	30.16369588941433	23.532193524918153	16.140414696253185	30.16369588941433	0.0
107.0	35.440689680259	17.114692081044705	15.605107125968498	31.839511112727802	0.0
108.0	32.475989522700814	14.260768335273575	20.016006984866124	30.85346332945285	2.3937718277066358
109.0	27.809509950158258	17.499181431222034	16.90981191108524	37.78149670753447	0.0
110.0	27.61832005529484	16.875841245589147	19.917057732183782	35.58878096693223	0.0
111.0	35.1109494361586	18.432157148053836	16.234994543470354	27.591851582393595	2.6300472899236085
112.0	19.277502910360887	15.479481955762514	23.395663562281722	39.39173457508731	2.4556169965075667
113.0	27.6197060107699	20.7138698879348	16.354970164459324	35.31145393683598	0.0
114.0	32.44187315795219	19.364698177054905	12.094749481497653	36.09867918349525	0.0
115.0	22.024524251355384	25.08459775133719	19.29556453080086	33.59531346650657	0.0
116.0	26.361187945843646	15.187800262046878	24.34852234677537	34.10248944533411	0.0
117.0	32.02547770700637	18.10373066424022	17.61601455868972	32.254777070063696	0.0
118.0	27.868792777049656	21.523227027814183	15.818406873452744	34.78957332168341	0.0
119.0	25.09920996104416	15.924564022281281	30.400116503440493	28.57610951323406	0.0
120.0	35.29840148563522	24.549393729745475	16.116229108254743	24.03597567636456	0.0
121.0	39.326415437829965	17.618787547788095	18.7001638448935	24.35463316948844	0.0
122.0	28.40184976149729	13.589192732039471	25.11743072497542	32.89152678148782	0.0
123.0	32.42534595775673	13.991260014566642	21.30735615440641	32.27603787327021	0.0
124.0	29.12083909971593	17.25180275329594	22.4925340520067	31.13482409498143	0.0
125.0	28.440834759806243	21.426230105255488	18.661907710237827	31.47102742470044	0.0
126.0	38.36404690800495	15.969844853958772	18.180493845145314	27.485614392890962	0.0
127.0	34.180811539302105	17.848036715961243	25.511765134406645	22.459386610330007	0.0
128.0	35.95833029795294	18.900706636555693	15.870182851314926	29.27078021417644	0.0
129.0	37.098419173890875	15.61156844175712	24.604793472718	22.685218911634006	0.0
130.0	36.7222788867842	17.965904123561124	15.517995045898294	29.793821943756377	0.0
131.0	24.52369676878802	24.275982660012385	23.54741175184875	27.65290881935084	0.0
132.0	28.430908229808004	23.45440635360122	18.48154759736238	29.633137819228388	0.0
133.0	31.175313319731856	17.232585252113086	23.09822209268435	28.493879335470705	0.0
134.0	25.51369863013699	24.118332847566307	20.001457301078403	30.366511221218307	0.0
135.0	23.665512843869557	17.296411003825835	23.36308981599563	35.67498633630898	0.0
136.0	29.291309892512295	15.186737110584806	17.952268172709054	37.56968482419384	0.0
137.0	26.504882670164697	20.488995773210902	14.684448331147063	38.32167322547734	0.0
138.0	34.052399519003025	20.25653172029297	13.708413803155631	31.982654957548373	0.0
139.0	30.994024194723803	22.635184375455474	16.520915318466695	29.84987611135403	0.0
140.0	25.058300539279987	16.214837487246758	24.42063839090512	34.30622358256814	0.0
141.0	26.76359131321965	25.495554583879905	20.74041684885585	27.000437254044602	0.0
142.0	40.18364669873196	13.128552689112375	16.93630666083661	29.751493951319052	0.0
143.0	33.830120613635536	22.395510694894874	18.977517035309553	24.79685165616004	0.0
144.0	33.29446064139942	15.477405247813412	18.181486880466473	33.046647230320694	0.0
145.0	37.35602857559411	16.893862079020266	14.149292899839628	31.600816445546	0.0
146.0	27.659496901203063	19.17973022238425	20.87130878600073	32.289464090411954	0.0
147.0	31.463050056509534	18.855955375697256	13.802909329541727	35.87808523825149	0.0
148.0	34.45384278839143	18.64882601720869	15.487822662972144	31.409508531427736	0.0
149.0	33.46580137086189	19.819162899227067	16.33731952749016	30.377716202420885	0.0
150.0	27.83854736381536	18.427769270035732	23.10945817837089	30.62422518777802	0.0
151.0	29.89499015532706	24.363742434186538	18.27462991322103	27.466637497265367	0.0
152.0	26.18318384015168	18.314737840005833	20.079486618537153	35.42259170130533	0.0
153.0	32.848392036753445	20.892583679719973	18.063151753810253	28.195872529716326	0.0
154.0	29.84829698782	14.616001750419372	19.389541244256435	36.146160017504194	0.0
155.0	28.234865061998544	18.603209336250913	17.77899343544858	35.38293216630197	0.0
156.0	26.573783645780146	23.557516959661537	16.75541614997447	33.113283244583855	0.0
157.0	27.929045915760277	18.950288342214762	17.508577268413752	35.612088473611216	0.0
158.0	33.16300459887583	25.319366377107816	16.979341557777943	24.538287466238412	0.0
159.0	36.4880648222498	17.829768596247902	18.410102927220965	27.272063654281336	0.0
160.0	32.429374406891014	24.457989634279876	17.46112854952916	25.65150740929995	0.0
161.0	31.31980436528214	16.256661070151107	19.47952405285057	32.94401051171618	0.0
162.0	33.3734851803183	23.021608994013725	19.904365600817638	23.700540224850343	0.0
163.0	29.19982477914872	13.130612542892603	25.637000803095567	32.032561874863106	0.0
164.0	27.127368305771547	19.373562588982587	19.807980140911912	33.69108896433396	0.0
165.0	31.425233644859812	20.659316588785046	22.00277453271028	25.912675233644862	0.0
166.0	27.410463290861962	20.45562411010916	22.908984703004638	29.224927896024244	0.0
167.0	27.036401475044723	18.18248201832853	26.66398919274161	28.113476213078243	0.0036511008068932788
168.0	26.412475804389906	25.69665096234615	15.7737116978927	32.1135093678098	0.003652167561447719
169.0	26.486486486486488	19.609203798392986	19.342585829072316	34.56172388604821	0.0
170.0	27.54665984878922	19.083969465648856	19.858285547317287	33.51108513824464	0.0
171.0	40.46166770152306	19.306767960845903	17.403849665802255	22.827714671828776	0.0
172.0	35.10976367023414	19.563867480001463	19.267998685027578	23.66219819556562	2.3961719691712022
173.0	29.797260273972604	15.616438356164384	20.515068493150686	34.07123287671233	0.0
174.0	28.840182648401825	18.126027397260273	18.72876712328767	34.30502283105023	0.0
175.0	25.25938915680257	18.964635393833117	22.16863948560573	33.60733596375859	0.0
176.0	28.452433143358174	18.22665497588777	14.766915095718252	38.55399678503581	0.0
177.0	28.655462184873947	18.290098648154913	18.85641213006942	34.19802703690172	0.0
178.0	32.69146448406899	18.974714995615315	16.80064308681672	28.86217480268927	2.671002630809705
179.0	24.469290072710002	22.543753882129415	20.395337790931343	32.59161825422924	0.0
180.0	32.71577870350069	18.811664108748083	19.060147628444053	29.412409559307168	0.0
181.0	27.97266681283344	19.140539355404517	19.220931082364977	33.665862749397064	0.0
182.0	38.584374771614414	12.603230285756048	18.482788862091645	30.329606080537896	0.0
183.0	25.664266656920436	18.084134351814626	17.422608822776944	38.82899016848799	0.0
184.0	40.86190511002266	18.089772644199137	13.147890927699393	27.900431318078805	0.0
185.0	27.21158064044451	16.69834771165375	29.86547740897792	26.22459423892382	0.0
186.0	35.607223806390294	14.217299115303064	20.084813921181546	30.090663157125103	0.0
187.0	32.15251882722819	17.77802149594209	19.34269211084302	30.726767565986695	0.0
188.0	28.076332529063393	22.29290048987351	17.73415222636543	31.896614754697666	0.0
189.0	32.749606990092495	22.955434504441925	13.278251014513948	31.016707490951635	0.0
190.0	35.57927832413264	13.088143896464738	16.594157862026105	34.738419917376525	0.0
191.0	26.44144638221637	20.52210156849841	18.60992285474023	34.42652919454499	0.0
192.0	35.5991078284398	19.744780430728728	20.57113605616293	24.084975684668546	0.0
193.0	27.893370387976745	17.855706293194867	22.923903901707682	31.32701941712071	0.0
194.0	30.389467910038398	19.65990126165661	19.729383799597734	30.22124702870726	0.0
195.0	29.493508868166025	18.712744560248673	21.97476686780033	29.81897970378497	0.0
196.0	33.792977322604244	20.88880760790051	16.61667885881492	28.701536210680324	0.0
197.0	23.1317897509053	26.36892351585647	24.75950107904459	25.739785654193643	0.0
198.0	25.927280708171775	20.195332504206597	20.568439534713587	33.30894725290804	0.0
199.0	24.84819664935255	25.788280049747602	17.60187285097666	31.761650449923184	0.0
200.0	26.32791922739245	20.00292654375183	21.96371085747732	31.7054433713784	0.0
201.0	35.095485475964	13.869173922587255	16.16667886149118	34.86866173995756	0.0
202.0	39.301917166691055	16.054441680081954	24.765842236206645	19.877798917020343	0.0
203.0	31.98199846328345	18.17350261607698	15.539131389264938	34.30536753137463	0.0
204.0	30.478211554644908	23.943507372580587	19.637042186528117	25.94123888624639	0.0
205.0	47.489754098360656	10.030005854800937	18.61826697892272	23.86197306791569	0.0
206.0	31.764619776037474	20.826319256385858	19.834589767986532	27.574471199590135	0.0
207.0	24.215919487648673	23.795059469350413	19.081427264409882	32.907593778591036	0.0
208.0	29.546535885517695	16.429381839475898	21.165318596054604	32.858763678951796	0.0
209.0	32.26703755215577	15.617451138276847	18.85659907766635	33.258912231901036	0.0
210.0	31.759452435855202	22.9054573405073	15.431353171553017	29.903737052084477	0.0
211.0	29.195797796405433	20.27892675427358	19.93850433764047	30.586771111680516	0.0
212.0	30.773173231805533	18.469029140430518	19.863816078488796	30.89398154927515	0.0
213.0	31.125755079626575	17.664287021782904	18.590518030386235	32.61943986820428	0.0
214.0	25.967417170053086	26.53120995789859	20.091524803221674	27.409848068826655	0.0
215.0	28.433346757954087	23.55654816387801	14.740233588401127	33.26987148976678	0.0
216.0	34.569618862812575	14.817120052722146	19.488888075275508	31.124373009189764	0.0
217.0	24.27316001464665	17.868912486268766	21.51958989381179	36.33833760527279	0.0
218.0	24.648454665299546	22.202285044675556	14.497583125823935	38.65167716420096	0.0
219.0	30.37172678996521	16.916315693096504	18.95623512177257	33.75572239516572	0.0
220.0	28.733106252060214	14.70900633630004	24.97527744203934	31.582609969600412	0.0
221.0	26.527696365767877	20.175117233294255	14.4563305978898	38.840855803048065	0.0
222.0	27.234089326933645	24.108745832264685	21.727182794123035	26.929982046678635	0.0
223.0	28.488201670819286	23.047046753627438	18.551223801846696	29.913527773706583	0.0
224.0	27.80770217287751	18.819391008024624	18.610530944267342	34.76237587483053	0.0
225.0	33.719395982993696	21.26154522797244	19.780823926110543	25.238234862923324	0.0
226.0	38.95670662414311	18.699365812529784	17.170717401664284	25.17321016166282	0.0
227.0	28.265571727096088	23.53264655204018	20.83806870256993	27.3637130182938	0.0
228.0	33.86369468783224	19.3166403930051	18.664075961432708	28.155588957729954	0.0
229.0	30.82083806870257	21.945228580855666	20.34314624042233	26.89078711001943	0.0
230.0	31.95717533181785	17.61384468724793	20.69736745618538	29.731612524748847	0.0
231.0	32.878671213287866	14.893851061489386	19.011476551901147	33.2160011733216	0.0
232.0	30.880088008800882	15.819581958195819	16.505317198386503	36.7950128346168	0.0
233.0	32.28822882288229	17.678767876787678	20.43270993766043	29.6002933626696	0.0
234.0	25.194367023617424	17.177644124981665	23.654100044007627	33.97388880739328	0.0
235.0	29.719420502475703	20.6785255822483	15.022923161562444	34.57913075371355	0.0
236.0	32.89068231841526	16.137197358767423	20.341159207630227	30.630961115187088	0.0
237.0	31.02942255484628	21.916501577518527	20.672829994863893	26.3812458727713	0.0
238.0	35.1985029720408	17.014016291186614	18.12944888823659	29.65803184853599	0.0
239.0	28.001027560644427	22.268707108517745	20.932878270762227	28.797387060075597	0.0
240.0	34.11635162415122	13.63552945494586	19.926592035235824	32.3215268856671	0.0
241.0	31.40602055800294	17.85242290748899	24.11527165932452	26.626284875183554	0.0
242.0	34.516815978851525	19.955206344543985	22.859450726979	22.668526949625495	0.0
243.0	32.5547230791832	13.44939033348024	21.1950932863229	32.80079330101366	0.0
244.0	21.637039490633395	20.028707077398696	22.67491075043245	35.65934268153546	0.0
245.0	38.254564193168434	17.02002355712603	18.190518256772673	26.53489399293286	0.0
246.0	22.879546458548077	17.69253423648947	23.38020910027978	36.04771020468267	0.0
247.0	28.647693383896026	19.424910717572992	21.71127719892493	30.216118699606053	0.0
248.0	28.627191044336424	17.948151421417	20.301222565915452	33.123434968331125	0.0
249.0	36.62075568976946	19.503572217721146	13.596523532444577	30.27914856006482	0.0
250.0	28.700327772253527	16.668508083821308	24.79284057010275	29.83832357382241	0.0
251.0	28.4625018417563	22.88198025637248	18.78959776042434	29.865920141446882	0.0
252.0	29.019781191291855	26.713817364718018	18.911850296533686	25.35455114745644	0.0
253.0	32.13956744408828	15.710548616484285	15.518956560185698	36.63092737924174	0.0
254.0	32.25604363207547	15.916126179245282	23.183225235849054	28.64460495283019	0.0
255.0	33.837080722447475	18.864725396240324	13.494286767416144	33.80390711389605	0.0
256.0	31.414037157180775	20.794013565319965	16.694927749926276	31.097021527572988	0.0
257.0	26.605470766054708	21.42225171422252	18.454619184546193	33.517658335176584	0.0
258.0	35.42250405544905	23.650641498304083	15.71670845008111	25.210145996165757	0.0
259.0	37.561299362117914	16.8614726595627	16.614431621252905	28.962796357066477	0.0
260.0	31.577976914850463	20.142346129734115	19.618689383043847	28.660987572371578	0.0
261.0	35.07044331341742	18.713579700523713	21.291583683705834	24.924393302353028	0.0
262.0	30.118037624492803	19.232755440796755	16.580597565473994	34.06860936923645	0.0
263.0	24.734395750332006	27.43101667404456	15.45669175151247	32.377895824110965	0.0
264.0	30.00774821975427	19.953510681474377	19.883407740840497	30.155333357930857	0.0
265.0	24.129022733982875	19.56746383229997	15.721877767936226	40.58163566578093	0.0
266.0	30.80330773774365	21.79562906083875	17.72740696987596	29.67365623154164	0.0
267.0	34.990030278413705	20.984417694409572	18.724614134849716	25.300937892327006	0.0
268.0	28.135155096011815	17.511078286558345	21.148449039881832	33.205317577548	0.0
269.0	29.608154522288288	20.29028326624072	20.205340325737712	29.896221885733283	0.0
270.0	34.21490045432719	22.44302441546929	20.22679422302663	23.115280907176892	0.0
271.0	33.003324713705204	14.95751754710011	17.240487624676764	34.79867011451792	0.0
272.0	30.22688640898677	21.432266646958837	13.805335895351414	34.53551104870298	0.0
273.0	27.12321679355459	24.950107177174957	15.681129425678172	32.24554660359228	0.0
274.0	28.650667455533778	22.275635099656103	22.785933513293642	26.287763931516473	0.0
275.0	38.011025195160755	13.285730141699656	16.91886492286063	31.78437974027896	0.0
276.0	32.44763526015839	20.02812523129302	23.306935089926725	24.21730441862186	0.0
277.0	29.41263555275917	12.520818683148896	25.33772530441541	32.72882045967652	0.0
278.0	32.73723573623607	13.832426228294272	20.722722055611094	32.707615979858566	0.0
279.0	35.305011296714696	17.911774510167046	19.42664543131227	27.356568761805995	0.0
280.0	25.814462028835106	20.362477298839924	26.915236648011565	26.907824024313403	0.0
281.0	36.682485540560585	21.10336645410055	16.954619605516832	25.259528399822038	0.0
282.0	36.21354900942346	19.37003784224976	14.09067299844179	30.32574014988499	0.0
283.0	36.91255205234979	19.709250446162997	17.340868530636524	26.03732897085068	0.0
284.0	30.84780005986232	16.548189164920682	17.363813229571985	35.24019754564502	0.0
285.0	31.188470896500093	14.752011978289351	21.115478195770166	32.94403892944039	0.0
286.0	28.827142001198325	13.087926902336728	22.89919113241462	35.18573996405033	0.0
287.0	28.4713638236506	14.398621567966439	22.75911151065663	34.370903097726334	0.0
288.0	30.794304983139753	18.84600974147621	17.264893218433873	33.09479205695017	0.0
289.0	32.741107237902476	16.99463997900971	18.868773192398518	31.395479590689305	0.0
290.0	33.51079784043192	16.699160167966408	14.029694061187762	35.760347930413914	0.0
291.0	31.14735658042745	13.760779902512185	23.550806149231345	31.541057367829023	0.0
292.0	26.79569408499306	20.880687146018527	18.105097333183302	34.21852143580511	0.0
293.0	34.41755768148565	12.79309697992872	20.1500656537235	32.639279684862124	0.0
294.0	35.34333958724203	18.525328330206378	17.04315196998124	29.088180112570356	0.0
295.0	31.077835322374842	17.901373564512497	18.07400735570067	32.94678375741199	0.0
296.0	31.107773188133685	14.18325197146076	18.65189635749155	36.05707848291401	0.0
297.0	36.97229427465133	18.112101048832752	19.100785684748693	25.814818991767225	0.0
298.0	34.68554315273618	18.92964100968457	18.00396717358329	28.380848663995955	0.0
299.0	26.145086461408688	27.266975959510752	14.512863770560944	32.07507380851961	0.0
300.0	0.0	26.5564738292011	19.43067033976125	54.012855831037655	0.0
