#Position (bp)	Coverage	Std
38.0	264.6	216.8004305038776
113.0	459.44	138.41628035266183
188.0	590.04	7.01712191713887
263.0	593.96	33.38702342727423
338.0	494.29333333333335	113.91599243887283
413.0	286.05333333333334	117.4526855092438
488.0	222.17333333333335	9.871170143402571
563.0	228.78666666666666	18.370991626293122
638.0	503.12	372.6028269708466
713.0	1168.9866666666667	334.7332868618436
788.0	1670.1333333333334	56.230359534094276
863.0	1673.3866666666668	30.649632950492357
938.0	1649.52	49.47955806862635
1013.0	1489.0933333333332	248.6948062719977
1088.0	1472.7066666666667	29.578821252151595
1163.0	1474.6	25.957657829623493
1238.0	1217.1066666666666	317.57644748941954
1313.0	708.76	263.0790755647434
1388.0	207.34666666666666	12.295256537922755
1463.0	200.54666666666665	14.83014947103819
1538.0	159.72	46.78333036456469
1613.0	215.14666666666668	8.83402513014316
1688.0	165.69333333333333	18.70472311120015
1763.0	177.78666666666666	15.264337522473747
1838.0	186.36	12.310429182878593
1913.0	167.4	21.59876539681535
1988.0	236.04	25.471029294736613
2063.0	251.69333333333333	18.552987180864786
2138.0	241.37333333333333	12.233287919988456
2213.0	261.8666666666667	38.161236877229214
2288.0	268.1333333333333	70.06035493296717
2363.0	329.06666666666666	7.330302403948776
2438.0	317.3066666666667	11.08692924122808
2513.0	246.18666666666667	34.803064999125205
2588.0	223.17333333333335	60.23033565682111
2663.0	223.30666666666667	10.76227980804568
2738.0	229.32	11.80508365069899
2813.0	227.72	44.10109598033443
2888.0	258.05333333333334	35.40338966822237
2963.0	241.77333333333334	19.219781476385247
3038.0	236.48	13.774372338997154
3113.0	225.78666666666666	77.37518982206117
3188.0	416.93333333333334	44.85190445603541
3263.0	691.12	89.44897987120923
3338.0	717.2933333333333	15.218409903796674
3413.0	694.68	87.72684879784524
3488.0	526.84	58.46058501246814
3563.0	289.72	93.1502728569988
3638.0	308.3466666666667	13.459073767041604
3713.0	305.56	17.649929178328282
3788.0	170.88	57.38036830368613
3863.0	64.33333333333333	64.28250150701977
3938.0	20.14666666666667	2.9821692328460028
4013.0	25.573333333333334	5.5124102411437645
4088.0	845.8933333333333	197.5635931373321
4163.0	1369.4266666666667	328.25685065204664
4238.0	1608.3866666666668	52.46865731081712
4313.0	1611.44	18.63258793977207
4388.0	780.4133333333333	138.62928983443564
4463.0	263.5733333333333	337.1411376065915
4538.0	20.24	4.098780306383841
4613.0	75.85333333333334	122.01628306637328
4688.0	414.82666666666665	166.29948887474066
4763.0	868.0266666666666	35.03883559709101
4838.0	869.6933333333334	22.655095085505547
4913.0	815.8133333333334	119.32515800673924
4988.0	509.4266666666667	163.52019243302442
5063.0	39.17333333333333	3.7788887255382333
5138.0	37.85333333333333	8.0
5213.0	33.693333333333335	9.825137827701619
5288.0	10.013333333333334	2.15096877398689
5363.0	56.70666666666666	29.20593546980933
5438.0	82.52	8.90093628033964
5513.0	93.33333333333333	9.622889378975545
5588.0	283.2	83.42413719461933
5663.0	365.18666666666667	73.6963137929345
5738.0	421.41333333333336	15.38094058675651
5813.0	421.9866666666667	15.683111936092015
5888.0	324.2133333333333	50.01146535212368
5963.0	219.6	79.04100201794004
6038.0	183.06666666666666	18.210619612376274
6113.0	181.97333333333333	18.809572031282446
6188.0	156.85333333333332	22.840023350834556
6263.0	130.78666666666666	39.379859488491505
6338.0	83.69333333333333	10.76909157419201
6413.0	84.84	11.628700127987928
6488.0	982.6933333333334	468.8803969741822
6563.0	1625.04	471.80060760170016
6638.0	2277.266666666667	62.89239487675068
6713.0	2311.24	63.5748377898031
6788.0	1471.1866666666667	478.74906440291505
6863.0	941.2133333333334	485.31805378878425
6938.0	304.93333333333334	23.49496399940498
7013.0	319.3466666666667	64.97455912380883
7088.0	453.62666666666667	43.23254946603709
7163.0	458.6	18.224891403425904
7238.0	457.1066666666667	4.0414518843285805
7313.0	684.4933333333333	199.43640590423806
7388.0	912.7333333333333	232.87736400660907
7463.0	1036.5866666666666	26.905761464785297
7538.0	1024.4666666666667	18.171039229134994
7613.0	764.12	205.55839397439672
7688.0	367.81333333333333	250.15254012968435
7763.0	131.24	7.776031550004613
7838.0	129.0	15.923986100638675
7913.0	148.61333333333334	91.06415321079969
7988.0	423.68	31.582695683976603
8063.0	624.8666666666667	141.8268897870451
8138.0	696.1333333333333	8.726969691707104
8213.0	666.2666666666667	97.49905982452678
8288.0	381.18666666666667	25.459248483278913
8363.0	120.01333333333334	131.83722286719077
8438.0	64.10666666666667	2.64323034687987
8513.0	62.96	10.970262834894468
8588.0	38.52	6.355050484981749
8663.0	18.706666666666667	19.160723716324842
8738.0	1.2533333333333334	1.2274635093014648
8813.0	1.5733333333333333	1.465150731722394
8888.0	175.53333333333333	178.46964260997817
8963.0	496.96	161.10824518523762
9038.0	697.0266666666666	31.7036275526949
9113.0	697.1866666666666	24.804031930313077
9188.0	591.52	133.17276998946403
9263.0	460.94666666666666	136.62683972533853
9338.0	338.4533333333333	25.851885811290575
9413.0	339.18666666666667	7.5117685445350535
9488.0	343.36	82.90404091478293
9563.0	218.65333333333334	39.701553286154095
9638.0	154.34666666666666	10.070418726812399
9713.0	156.34666666666666	9.273618495495704
9788.0	160.46666666666667	31.340921067086303
9863.0	287.44	106.30459381732602
9938.0	426.64	22.955318918861828
10013.0	439.68	21.97726097583591
10088.0	771.2933333333333	243.25871001877826
10163.0	1160.52	250.1481427741035
10238.0	1290.8266666666666	30.00711026851392
10313.0	1286.4266666666667	41.030557718200654
10388.0	1033.9733333333334	253.25715521316818
10463.0	512.44	322.84883975838187
10538.0	219.45333333333335	10.597483978127245
10613.0	214.84	18.103774928634802
10688.0	121.41333333333333	44.89484008955445
10763.0	109.57333333333334	30.87911915842161
10838.0	151.29333333333332	10.190191362285605
10913.0	160.06666666666666	4.696097670761681
10988.0	163.0	45.404551901030075
11063.0	224.65333333333334	54.447895582229194
11138.0	370.82666666666665	24.398360600663292
11213.0	372.94666666666666	24.340638172954186
11288.0	358.05333333333334	24.44231303839034
11363.0	316.64	59.371373573465576
11438.0	124.98666666666666	15.666099280505861
11513.0	120.09333333333333	14.781971000738237
11588.0	190.36	34.72885447770097
11663.0	228.85333333333332	58.62024678669765
11738.0	243.24	10.840664186293974
11813.0	244.06666666666666	4.671901825452642
11888.0	462.6	130.86721005151236
11963.0	669.3866666666667	142.20787601254727
12038.0	783.2666666666667	14.54922678358033
12113.0	946.2	153.39474132663955
12188.0	900.0933333333334	128.77856964572965
12263.0	690.1066666666667	201.38722236858365
12338.0	522.9866666666667	31.03138196514386
12413.0	441.25333333333333	87.44278129153939
12488.0	348.5733333333333	71.59804466603818
12563.0	354.25333333333333	11.575836902790225
12638.0	353.28	9.791152468768352
12713.0	312.82666666666665	55.533893554597235
12788.0	272.72	51.61653481847326
12863.0	271.26666666666665	11.622965771838864
12938.0	271.8	20.1474564151408
13013.0	387.24	91.7511852784475
13088.0	440.92	44.32456053551639
13163.0	431.74666666666667	25.049817031933518
13238.0	440.41333333333336	18.039586100203802
13313.0	344.41333333333336	86.83716562240691
13388.0	269.17333333333335	58.71365542472496
13463.0	187.57333333333332	7.814516406449327
13538.0	186.88	17.739973694080415
13613.0	354.7733333333333	121.7793633311217
13688.0	543.0	127.99661453856254
13763.0	638.2933333333333	7.714056433981636
13838.0	647.4266666666666	22.32666567134424
13913.0	634.68	154.72263355221602
13988.0	791.24	185.22004931072303
14063.0	988.64	30.500928947601608
14138.0	976.56	27.606520968785535
14213.0	984.4266666666666	128.55426869614232
14288.0	793.68	136.02235110451502
14363.0	641.0133333333333	34.115490127897026
14438.0	645.9066666666666	31.620246678355084
14513.0	514.8266666666667	194.77775369208197
14588.0	881.8266666666667	132.84677890963982
14663.0	1291.1066666666666	83.05749012982895
14738.0	1306.5066666666667	50.181005702688964
14813.0	1275.88	148.70140102455892
14888.0	1123.3333333333333	232.09018362122356
14963.0	1082.8666666666666	266.6320060807905
15038.0	1242.9733333333334	43.133281813467214
15113.0	1240.4933333333333	27.642238211354467
15188.0	937.96	169.90883830258304
15263.0	503.32	231.2468234016055
15338.0	398.68	22.895996738876747
15413.0	407.6933333333333	20.960279896350215
15488.0	509.6533333333333	153.88788126425024
15563.0	650.32	141.56331916613618
15638.0	914.9866666666667	39.8605903953604
15713.0	913.28	14.869655902766828
15788.0	660.9066666666666	214.797920536179
15863.0	1177.12	196.10201426808445
15938.0	1705.2	293.90041397271483
16013.0	1806.9466666666667	32.28353553541754
16088.0	1816.28	47.4023909382935
16163.0	1157.7066666666667	135.91973121417413
16238.0	526.9066666666666	219.06845201139004
16313.0	448.44	19.349074051919334
16388.0	455.81333333333333	34.438544297535806
16463.0	456.72	22.485254427439102
16538.0	247.14666666666668	82.70969310385165
16613.0	230.6	15.487199015100586
16688.0	212.98666666666668	54.74827242327685
16763.0	217.17333333333335	99.23850059326773
16838.0	398.8933333333333	104.86740834660375
16913.0	552.16	8.267204283594248
16988.0	556.1466666666666	6.907966415666195
17063.0	464.32	81.96609054969014
17138.0	405.0133333333333	41.93932124709074
17213.0	359.93333333333334	25.54838546757899
17288.0	359.16	5.441813423237452
17363.0	553.2933333333333	395.3712854183183
17438.0	1401.0266666666666	344.66768536277556
17513.0	2086.0533333333333	57.409755268594274
17588.0	2092.5733333333333	32.584045175510965
17663.0	2013.72	290.72880834207024
17738.0	1424.68	243.41262635012748
17813.0	1009.9333333333333	39.87430250173616
17888.0	1009.56	31.18290129755878
17963.0	942.9066666666666	143.83541520316444
18038.0	752.56	161.43931780496757
18113.0	431.58666666666664	20.376457003120333
18188.0	434.25333333333333	14.5638822663004
18263.0	405.29333333333335	82.77906337555
18338.0	269.49333333333334	76.27092062728315
18413.0	232.49333333333334	15.126577052768141
18488.0	242.8	19.30630294316677
18563.0	177.70666666666668	65.05218418059971
18638.0	332.61333333333334	25.630970849085493
18713.0	559.24	58.3506640921934
18788.0	568.68	24.37457691940509
18863.0	570.4533333333334	27.46318748191265
18938.0	495.04	33.78263853914704
19013.0	356.12	88.29994337484031
19088.0	395.74666666666667	23.504893107606563
19163.0	385.6533333333333	35.46735588302742
19238.0	240.97333333333333	21.917724942764142
19313.0	117.22666666666667	80.16125414853904
19388.0	81.94666666666667	12.562908368155314
19463.0	78.92	12.018319350058876
19538.0	98.04	37.35737321243738
19613.0	139.13333333333333	31.44561442660435
19688.0	188.84	17.671068633975423
19763.0	189.86666666666667	17.859077990385256
19838.0	227.4	47.92702786528704
19913.0	263.41333333333336	32.64985962195452
19988.0	266.9866666666667	29.18652657191898
20063.0	277.12	6.728050733062496
20138.0	227.61333333333334	86.00883675530089
20213.0	451.3066666666667	13.804830072599
20288.0	590.3733333333333	124.19860439366191
20363.0	665.7333333333333	28.95306546809902
20438.0	674.8666666666667	39.79966499021452
20513.0	849.7866666666666	27.900059737092505
20588.0	971.7466666666667	279.1072195411648
20663.0	1247.2933333333333	11.648175822846031
20738.0	1219.64	98.87830904702975
20813.0	869.1333333333333	65.9182321769431
20888.0	697.4933333333333	314.6191983970463
20963.0	370.8	23.770850496634406
21038.0	372.24	7.773459118479127
21113.0	237.94666666666666	65.09336883789828
21188.0	69.26666666666667	78.60703954905482
21263.0	23.093333333333334	2.0944370763206654
21338.0	32.84	17.377763569189987
21413.0	55.693333333333335	8.963630216974973
21488.0	57.84	10.313098467482996
21563.0	68.84	13.752575516365406
21638.0	214.93333333333334	250.7354515553528
21713.0	847.8	259.60903939064485
21788.0	1414.4266666666667	36.20828634442726
21863.0	1402.5866666666666	45.35621971314147
21938.0	1304.0133333333333	177.35869492829127
22013.0	832.2933333333333	200.0641230539182
22088.0	724.52	22.53353057112909
22163.0	721.6	21.263740655554173
22238.0	692.8666666666667	80.3118090112948
22313.0	519.0666666666667	116.77693836256084
22388.0	60.8	9.846826900072939
22463.0	60.653333333333336	8.891194145520235
22538.0	269.88	110.21445761181548
22613.0	433.8666666666667	87.20718624822912
22688.0	473.16	9.702920522536884
22763.0	468.7733333333333	28.478529924605873
22838.0	333.3333333333333	105.97968358762603
22913.0	140.98666666666668	88.68874411859339
22988.0	76.10666666666667	4.016632088371203
23063.0	79.17333333333333	9.99933331110963
23138.0	478.92	288.8227830348568
23213.0	833.5733333333334	171.6635468972178
23288.0	1055.08	31.198290551458996
23363.0	1067.96	45.70003646971635
23438.0	649.5866666666667	279.73218144027214
23513.0	414.25333333333333	96.58523006478094
23588.0	465.36	22.063846748319396
23663.0	429.92	29.795301643044485
23738.0	411.94666666666666	27.17793222450917
23813.0	242.61333333333334	178.8187536771987
23888.0	62.50666666666667	18.158928015350106
23963.0	71.49333333333334	8.408725626791906
24038.0	71.76	10.353743284435819
24113.0	101.65333333333334	24.02054676036051
24188.0	186.18666666666667	11.879955106536867
24263.0	187.36	10.964184116172673
24338.0	190.25333333333333	9.48331868774504
24413.0	180.48	34.427895666160005
24488.0	149.66666666666666	41.966335714871896
24563.0	190.44	12.592590413943181
24638.0	192.29333333333332	8.811356308764243
24713.0	252.58666666666667	49.08726922532967
24788.0	323.25333333333333	42.888226822753985
24863.0	305.2133333333333	9.84750391385187
24938.0	303.7733333333333	21.307275752662516
25013.0	297.4266666666667	63.98124725261306
25088.0	282.8933333333333	39.01640680534278
25163.0	287.48	15.742511447245654
25238.0	292.93333333333334	22.536193112413745
25313.0	371.82666666666665	31.191451820437546
25388.0	442.46666666666664	66.6030029353031
25463.0	491.24	15.403030004947947
25538.0	484.85333333333335	28.403286194852054
25613.0	297.41333333333336	49.513634485866675
25688.0	109.58666666666667	102.32594978792036
25763.0	53.50666666666667	7.678541528180989
25838.0	54.29333333333334	6.154673021371656
25913.0	134.4	56.96677394177534
25988.0	181.14666666666668	32.61901286060018
26063.0	263.4	14.549684990862485
26138.0	271.17333333333335	21.78041934092805
26213.0	977.2533333333333	454.46585496969226
26288.0	1781.6533333333334	519.2554156353755
26363.0	2235.173333333333	61.31372875085204
26438.0	2230.2	36.861000167296
26513.0	1639.6666666666667	441.0755641988494
26588.0	980.1866666666666	522.6683460857372
26663.0	578.12	33.326665999866925
26738.0	581.76	19.44702205137451
26813.0	621.3733333333333	244.2736716608375
26888.0	1026.12	95.4623136810188
26963.0	1485.7333333333333	71.0119238813691
27038.0	1493.1066666666666	41.02097024693839
27113.0	1434.52	199.2287127900998
27188.0	1474.2666666666667	15.55763478167672
27263.0	1661.32	243.974206286922
27338.0	1733.7733333333333	33.59603151167349
27413.0	1649.8266666666666	223.09510677436822
27488.0	992.4933333333333	28.99724124809061
27563.0	148.24	279.8174404857567
27638.0	56.346666666666664	6.258860386151234
27713.0	55.46666666666667	7.952358140828403
27788.0	167.06666666666666	116.88330362659444
27863.0	351.7733333333333	104.16576532943371
27938.0	486.04	30.151174659262004
28013.0	485.16	10.216326802394395
28088.0	601.0666666666667	107.80395787415858
28163.0	794.4666666666667	133.5224325722086
28238.0	909.16	82.18418339315656
28313.0	1020.6533333333333	29.98710834119695
28388.0	831.9466666666667	161.41230849391056
28463.0	462.4	263.2626825055157
28538.0	191.28	12.726874452642926
28613.0	195.24	8.679477710861164
28688.0	354.28	120.77317582973465
28763.0	599.6533333333333	178.83359117719834
28838.0	751.4933333333333	25.863745539525958
28913.0	743.9466666666667	35.963129266884984
28988.0	664.7866666666666	85.31994686668145
29063.0	556.1866666666666	139.76899990102723
29138.0	590.1066666666667	29.848953080468686
29213.0	592.4933333333333	18.267274929046152
29288.0	499.73333333333335	86.06346495464851
29363.0	318.7733333333333	139.95189649780863
29438.0	150.45333333333335	11.38185690766956
29513.0	147.64	13.175735273600427
29588.0	114.77333333333333	34.203118766178804
29663.0	72.68	24.131031197747568
29738.0	4.0	0.0
29813.0	2.68	2.1509687739868903
29877.0	8.075471698113208	6.383942119187178
